# QGIS Generated Color Map Export File
INTERPOLATION:DISCRETE
7008,255,255,255,255,Non-Riparian
7009,255,255,255,255,Non-Riparian
7010,255,255,255,255,Non-Riparian
7011,255,255,255,255,Non-Riparian
7012,255,255,255,255,Non-Riparian
7013,255,255,255,255,Non-Riparian
7014,255,255,255,255,Non-Riparian
7015,255,255,255,255,Non-Riparian
7016,255,255,255,255,Non-Riparian
7017,255,255,255,255,Non-Riparian
7018,255,255,255,255,Non-Riparian
7019,255,255,255,255,Non-Riparian
7020,255,255,255,255,Non-Riparian
7021,255,255,255,255,Non-Riparian
7022,255,255,255,255,Non-Riparian
7023,255,255,255,255,Non-Riparian
7024,255,255,255,255,Non-Riparian
7025,255,255,255,255,Non-Riparian
7026,255,255,255,255,Non-Riparian
7027,255,255,255,255,Non-Riparian
7028,255,255,255,255,Non-Riparian
7029,255,255,255,255,Non-Riparian
7030,255,255,255,255,Non-Riparian
7031,255,255,255,255,Non-Riparian
7032,255,255,255,255,Non-Riparian
7033,255,255,255,255,Non-Riparian
7034,255,255,255,255,Non-Riparian
7035,255,255,255,255,Non-Riparian
7036,255,255,255,255,Non-Riparian
7037,255,255,255,255,Non-Riparian
7038,255,255,255,255,Non-Riparian
7039,255,255,255,255,Non-Riparian
7041,255,255,255,255,Non-Riparian
7042,255,255,255,255,Non-Riparian
7043,255,255,255,255,Non-Riparian
7044,255,255,255,255,Non-Riparian
7045,255,255,255,255,Non-Riparian
7046,255,255,255,255,Non-Riparian
7047,255,255,255,255,Non-Riparian
7048,255,255,255,255,Non-Riparian
7049,255,255,255,255,Non-Riparian
7050,255,255,255,255,Non-Riparian
7051,255,255,255,255,Non-Riparian
7052,255,255,255,255,Non-Riparian
7053,255,255,255,255,Non-Riparian
7054,255,255,255,255,Non-Riparian
7055,255,255,255,255,Non-Riparian
7056,255,255,255,255,Non-Riparian
7057,255,255,255,255,Non-Riparian
7058,255,255,255,255,Non-Riparian
7059,255,255,255,255,Non-Riparian
7060,255,255,255,255,Non-Riparian
7061,255,255,255,255,Non-Riparian
7062,255,255,255,255,Non-Riparian
7063,255,255,255,255,Non-Riparian
7064,255,255,255,255,Non-Riparian
7065,255,255,255,255,Non-Riparian
7066,255,255,255,255,Non-Riparian
7067,255,255,255,255,Non-Riparian
7068,255,255,255,255,Non-Riparian
7069,255,255,255,255,Non-Riparian
7070,255,255,255,255,Non-Riparian
7071,255,255,255,255,Non-Riparian
7072,255,255,255,255,Non-Riparian
7073,255,255,255,255,Non-Riparian
7074,255,255,255,255,Non-Riparian
7075,255,255,255,255,Non-Riparian
7076,255,255,255,255,Non-Riparian
7077,255,255,255,255,Non-Riparian
7078,255,255,255,255,Non-Riparian
7079,255,255,255,255,Non-Riparian
7080,255,255,255,255,Non-Riparian
7081,255,255,255,255,Non-Riparian
7082,255,255,255,255,Non-Riparian
7083,255,255,255,255,Non-Riparian
7084,255,255,255,255,Non-Riparian
7085,255,255,255,255,Non-Riparian
7086,255,255,255,255,Non-Riparian
7087,255,255,255,255,Non-Riparian
7088,255,255,255,255,Non-Riparian
7090,255,255,255,255,Non-Riparian
7091,255,255,255,255,Non-Riparian
7092,255,255,255,255,Non-Riparian
7093,255,255,255,255,Non-Riparian
7094,255,255,255,255,Non-Riparian
7096,255,255,255,255,Non-Riparian
7097,255,255,255,255,Non-Riparian
7098,255,255,255,255,Non-Riparian
7099,255,255,255,255,Non-Riparian
7100,255,255,255,255,Non-Riparian
7101,255,255,255,255,Non-Riparian
7102,255,255,255,255,Non-Riparian
7103,255,255,255,255,Non-Riparian
7104,255,255,255,255,Non-Riparian
7105,255,255,255,255,Non-Riparian
7106,255,255,255,255,Non-Riparian
7107,255,255,255,255,Non-Riparian
7108,255,255,255,255,Non-Riparian
7109,255,255,255,255,Non-Riparian
7110,255,255,255,255,Non-Riparian
7111,255,255,255,255,Non-Riparian
7112,255,255,255,255,Non-Riparian
7113,255,255,255,255,Non-Riparian
7114,255,255,255,255,Non-Riparian
7115,255,255,255,255,Non-Riparian
7116,255,255,255,255,Non-Riparian
7117,255,255,255,255,Non-Riparian
7118,255,255,255,255,Non-Riparian
7119,255,255,255,255,Non-Riparian
7120,255,255,255,255,Non-Riparian
7121,255,255,255,255,Non-Riparian
7122,255,255,255,255,Non-Riparian
7123,255,255,255,255,Non-Riparian
7124,255,255,255,255,Non-Riparian
7125,255,255,255,255,Non-Riparian
7126,255,255,255,255,Non-Riparian
7127,255,255,255,255,Non-Riparian
7128,255,255,255,255,Non-Riparian
7129,255,255,255,255,Non-Riparian
7130,255,255,255,255,Non-Riparian
7131,255,255,255,255,Non-Riparian
7132,255,255,255,255,Non-Riparian
7133,255,255,255,255,Non-Riparian
7134,255,255,255,255,Non-Riparian
7135,255,255,255,255,Non-Riparian
7136,255,255,255,255,Non-Riparian
7137,255,255,255,255,Non-Riparian
7138,255,255,255,255,Non-Riparian
7139,255,255,255,255,Non-Riparian
7140,255,255,255,255,Non-Riparian
7141,255,255,255,255,Non-Riparian
7142,255,255,255,255,Non-Riparian
7143,255,255,255,255,Non-Riparian
7144,255,255,255,255,Non-Riparian
7145,255,255,255,255,Non-Riparian
7146,255,255,255,255,Non-Riparian
7147,255,255,255,255,Non-Riparian
7148,255,255,255,255,Non-Riparian
7149,255,255,255,255,Non-Riparian
7150,255,255,255,255,Non-Riparian
7151,56,168,0,255,Riparian
7152,56,168,0,255,Riparian
7153,255,255,255,255,Non-Riparian
7156,56,168,0,255,Riparian
7157,56,168,0,255,Riparian
7158,56,168,0,255,Riparian
7159,56,168,0,255,Riparian
7161,56,168,0,255,Riparian
7165,255,255,255,255,Non-Riparian
7166,255,255,255,255,Non-Riparian
7167,255,255,255,255,Non-Riparian
7168,255,255,255,255,Non-Riparian
7169,255,255,255,255,Non-Riparian
7170,255,255,255,255,Non-Riparian
7171,255,255,255,255,Non-Riparian
7172,255,255,255,255,Non-Riparian
7173,255,255,255,255,Non-Riparian
7174,255,255,255,255,Non-Riparian
7177,255,255,255,255,Non-Riparian
7178,255,255,255,255,Non-Riparian
7179,255,255,255,255,Non-Riparian
7191,255,255,255,255,Non-Riparian
7192,255,255,255,255,Non-Riparian
7193,255,255,255,255,Non-Riparian
7195,255,255,255,255,Non-Riparian
7196,255,255,255,255,Non-Riparian
7197,255,255,255,255,Non-Riparian
7198,255,255,255,255,Non-Riparian
7199,255,255,255,255,Non-Riparian
7200,255,255,255,255,Non-Riparian
7207,255,255,255,255,Non-Riparian
7234,255,255,255,255,Non-Riparian
7238,255,255,255,255,Non-Riparian
7239,255,255,255,255,Non-Riparian
7240,255,255,255,255,Non-Riparian
7241,255,255,255,255,Non-Riparian
7242,255,255,255,255,Non-Riparian
7243,255,255,255,255,Non-Riparian
7247,255,255,255,255,Non-Riparian
7248,255,255,255,255,Non-Riparian
7249,255,255,255,255,Non-Riparian
7250,255,255,255,255,Non-Riparian
7256,255,255,255,255,Non-Riparian
7260,255,255,255,255,Non-Riparian
7261,255,255,255,255,Non-Riparian
7262,255,255,255,255,Non-Riparian
7263,255,255,255,255,Non-Riparian
7264,255,255,255,255,Non-Riparian
7265,255,255,255,255,Non-Riparian
7268,255,255,255,255,Non-Riparian
7270,255,255,255,255,Non-Riparian
7272,56,168,0,255,Riparian
7286,255,255,255,255,Non-Riparian
7290,255,255,255,255,Non-Riparian
7291,255,255,255,255,Non-Riparian
7292,255,255,255,255,Non-Riparian
7295,255,255,255,255,Non-Riparian
7296,255,255,255,255,Non-Riparian
7297,255,255,255,255,Non-Riparian
7298,255,255,255,255,Non-Riparian
7299,255,255,255,255,Non-Riparian
7301,255,255,255,255,Non-Riparian
7302,255,255,255,255,Non-Riparian
7303,255,255,255,255,Non-Riparian
7304,255,255,255,255,Non-Riparian
7305,255,255,255,255,Non-Riparian
7306,255,255,255,255,Non-Riparian
7307,255,255,255,255,Non-Riparian
7308,255,255,255,255,Non-Riparian
7309,255,255,255,255,Non-Riparian
7310,255,255,255,255,Non-Riparian
7311,255,255,255,255,Non-Riparian
7312,255,255,255,255,Non-Riparian
7313,255,255,255,255,Non-Riparian
7314,255,255,255,255,Non-Riparian
7315,255,255,255,255,Non-Riparian
7316,255,255,255,255,Non-Riparian
7317,255,255,255,255,Non-Riparian
7318,255,255,255,255,Non-Riparian
7320,255,255,255,255,Non-Riparian
7321,255,255,255,255,Non-Riparian
7322,255,255,255,255,Non-Riparian
7323,255,255,255,255,Non-Riparian
7324,255,255,255,255,Non-Riparian
7325,255,255,255,255,Non-Riparian
7326,255,255,255,255,Non-Riparian
7327,255,255,255,255,Non-Riparian
7328,255,255,255,255,Non-Riparian
7329,255,255,255,255,Non-Riparian
7330,255,255,255,255,Non-Riparian
7331,255,255,255,255,Non-Riparian
7333,255,255,255,255,Non-Riparian
7334,255,255,255,255,Non-Riparian
7335,255,255,255,255,Non-Riparian
7336,255,255,255,255,Non-Riparian
7337,255,255,255,255,Non-Riparian
7338,255,255,255,255,Non-Riparian
7339,255,255,255,255,Non-Riparian
7340,255,255,255,255,Non-Riparian
7342,255,255,255,255,Non-Riparian
7343,255,255,255,255,Non-Riparian
7346,255,255,255,255,Non-Riparian
7347,255,255,255,255,Non-Riparian
7348,255,255,255,255,Non-Riparian
7349,255,255,255,255,Non-Riparian
7350,255,255,255,255,Non-Riparian
7351,255,255,255,255,Non-Riparian
7352,255,255,255,255,Non-Riparian
7353,255,255,255,255,Non-Riparian
7355,255,255,255,255,Non-Riparian
7356,255,255,255,255,Non-Riparian
7357,255,255,255,255,Non-Riparian
7358,255,255,255,255,Non-Riparian
7360,255,255,255,255,Non-Riparian
7361,255,255,255,255,Non-Riparian
7362,255,255,255,255,Non-Riparian
7363,255,255,255,255,Non-Riparian
7364,255,255,255,255,Non-Riparian
7366,255,255,255,255,Non-Riparian
7367,255,255,255,255,Non-Riparian
7368,255,255,255,255,Non-Riparian
7369,255,255,255,255,Non-Riparian
7370,255,255,255,255,Non-Riparian
7371,255,255,255,255,Non-Riparian
7372,255,255,255,255,Non-Riparian
7375,255,255,255,255,Non-Riparian
7376,255,255,255,255,Non-Riparian
7377,255,255,255,255,Non-Riparian
7378,255,255,255,255,Non-Riparian
7379,255,255,255,255,Non-Riparian
7380,255,255,255,255,Non-Riparian
7381,255,255,255,255,Non-Riparian
7382,255,255,255,255,Non-Riparian
7383,255,255,255,255,Non-Riparian
7384,255,255,255,255,Non-Riparian
7385,56,168,0,255,Riparian
7387,255,255,255,255,Non-Riparian
7388,255,255,255,255,Non-Riparian
7390,255,255,255,255,Non-Riparian
7391,255,255,255,255,Non-Riparian
7392,255,255,255,255,Non-Riparian
7393,255,255,255,255,Non-Riparian
7394,255,255,255,255,Non-Riparian
7395,255,255,255,255,Non-Riparian
7396,56,168,0,255,Riparian
7397,255,255,255,255,Non-Riparian
7398,255,255,255,255,Non-Riparian
7400,255,255,255,255,Non-Riparian
7401,255,255,255,255,Non-Riparian
7403,255,255,255,255,Non-Riparian
7405,255,255,255,255,Non-Riparian
7406,255,255,255,255,Non-Riparian
7407,255,255,255,255,Non-Riparian
7408,255,255,255,255,Non-Riparian
7409,255,255,255,255,Non-Riparian
7410,255,255,255,255,Non-Riparian
7411,56,168,0,255,Riparian
7412,255,255,255,255,Non-Riparian
7413,255,255,255,255,Non-Riparian
7414,255,255,255,255,Non-Riparian
7415,255,255,255,255,Non-Riparian
7416,255,255,255,255,Non-Riparian
7417,255,255,255,255,Non-Riparian
7418,255,255,255,255,Non-Riparian
7419,255,255,255,255,Non-Riparian
7420,255,255,255,255,Non-Riparian
7421,255,255,255,255,Non-Riparian
7422,255,255,255,255,Non-Riparian
7423,255,255,255,255,Non-Riparian
7424,255,255,255,255,Non-Riparian
7425,255,255,255,255,Non-Riparian
7426,255,255,255,255,Non-Riparian
7428,255,255,255,255,Non-Riparian
7429,255,255,255,255,Non-Riparian
7430,255,255,255,255,Non-Riparian
7431,255,255,255,255,Non-Riparian
7434,56,168,0,255,Riparian
7435,255,255,255,255,Non-Riparian
7436,255,255,255,255,Non-Riparian
7437,255,255,255,255,Non-Riparian
7438,255,255,255,255,Non-Riparian
7439,255,255,255,255,Non-Riparian
7441,255,255,255,255,Non-Riparian
7442,255,255,255,255,Non-Riparian
7444,56,168,0,255,Riparian
7445,255,255,255,255,Non-Riparian
7446,255,255,255,255,Non-Riparian
7447,255,255,255,255,Non-Riparian
7448,255,255,255,255,Non-Riparian
7449,255,255,255,255,Non-Riparian
7450,255,255,255,255,Non-Riparian
7451,255,255,255,255,Non-Riparian
7452,255,255,255,255,Non-Riparian
7453,255,255,255,255,Non-Riparian
7454,255,255,255,255,Non-Riparian
7455,255,255,255,255,Non-Riparian
7456,255,255,255,255,Non-Riparian
7457,255,255,255,255,Non-Riparian
7458,255,255,255,255,Non-Riparian
7459,255,255,255,255,Non-Riparian
7460,255,255,255,255,Non-Riparian
7461,56,168,0,255,Riparian
7462,56,168,0,255,Riparian
7463,255,255,255,255,Non-Riparian
7466,56,168,0,255,Riparian
7467,56,168,0,255,Riparian
7468,56,168,0,255,Riparian
7469,56,168,0,255,Riparian
7471,255,255,255,255,Non-Riparian
7472,255,255,255,255,Non-Riparian
7473,56,168,0,255,Riparian
7474,56,168,0,255,Riparian
7475,56,168,0,255,Riparian
7476,56,168,0,255,Riparian
7481,56,168,0,255,Riparian
7482,56,168,0,255,Riparian
7483,56,168,0,255,Riparian
7484,56,168,0,255,Riparian
7485,56,168,0,255,Riparian
7486,56,168,0,255,Riparian
7487,56,168,0,255,Riparian
7488,56,168,0,255,Riparian
7489,56,168,0,255,Riparian
7500,255,255,255,255,Non-Riparian
7501,56,168,0,255,Riparian
7502,255,255,255,255,Non-Riparian
7503,255,255,255,255,Non-Riparian
7504,56,168,0,255,Riparian
7505,255,255,255,255,Non-Riparian
7506,255,255,255,255,Non-Riparian
7507,255,255,255,255,Non-Riparian
7509,255,255,255,255,Non-Riparian
7510,255,255,255,255,Non-Riparian
7511,255,255,255,255,Non-Riparian
7512,255,255,255,255,Non-Riparian
7513,255,255,255,255,Non-Riparian
7514,56,168,0,255,Riparian
7515,56,168,0,255,Riparian
7516,56,168,0,255,Riparian
7517,255,255,255,255,Non-Riparian
7518,255,255,255,255,Non-Riparian
7519,255,255,255,255,Non-Riparian
7522,255,255,255,255,Non-Riparian
7523,255,255,255,255,Non-Riparian
7524,255,255,255,255,Non-Riparian
7525,56,168,0,255,Riparian
7527,255,255,255,255,Non-Riparian
7545,56,168,0,255,Riparian
7546,255,255,255,255,Non-Riparian
7547,56,168,0,255,Riparian
7548,56,168,0,255,Riparian
7556,255,255,255,255,Non-Riparian
7557,255,255,255,255,Non-Riparian
7560,255,255,255,255,Non-Riparian
7561,255,255,255,255,Non-Riparian
7562,56,168,0,255,Riparian
7563,56,168,0,255,Riparian
7564,56,168,0,255,Riparian
7565,255,255,255,255,Non-Riparian
7566,255,255,255,255,Non-Riparian
7567,255,255,255,255,Non-Riparian
7571,56,168,0,255,Riparian
7573,56,168,0,255,Riparian
7578,56,168,0,255,Riparian
7582,255,255,255,255,Non-Riparian
7583,255,255,255,255,Non-Riparian
7584,255,255,255,255,Non-Riparian
7585,255,255,255,255,Non-Riparian
7586,255,255,255,255,Non-Riparian
7587,255,255,255,255,Non-Riparian
7588,255,255,255,255,Non-Riparian
7589,255,255,255,255,Non-Riparian
7590,255,255,255,255,Non-Riparian
7591,255,255,255,255,Non-Riparian
7662,56,168,0,255,Riparian
7663,255,255,255,255,Non-Riparian
7668,56,168,0,255,Riparian
7733,255,255,255,255,Non-Riparian
7734,255,255,255,255,Non-Riparian
7735,255,255,255,255,Non-Riparian
7861,56,168,0,255,Riparian
7867,56,168,0,255,Riparian
7900,255,255,255,255,Non-Riparian
7901,255,255,255,255,Non-Riparian
7902,255,255,255,255,Non-Riparian
7903,255,255,255,255,Non-Riparian
7904,255,255,255,255,Non-Riparian
7905,255,255,255,255,Non-Riparian
7906,255,255,255,255,Non-Riparian
7907,255,255,255,255,Non-Riparian
7908,255,255,255,255,Non-Riparian
7909,255,255,255,255,Non-Riparian
7910,255,255,255,255,Non-Riparian
7911,255,255,255,255,Non-Riparian
7912,255,255,255,255,Non-Riparian
7913,255,255,255,255,Non-Riparian
7914,255,255,255,255,Non-Riparian
7915,255,255,255,255,Non-Riparian
7916,255,255,255,255,Non-Riparian
7917,255,255,255,255,Non-Riparian
7918,255,255,255,255,Non-Riparian
7919,255,255,255,255,Non-Riparian
7920,255,255,255,255,Non-Riparian
7921,255,255,255,255,Non-Riparian
7922,255,255,255,255,Non-Riparian
7923,255,255,255,255,Non-Riparian
7924,255,255,255,255,Non-Riparian
7925,255,255,255,255,Non-Riparian
7926,255,255,255,255,Non-Riparian
7927,255,255,255,255,Non-Riparian
7928,255,255,255,255,Non-Riparian
7929,255,255,255,255,Non-Riparian
7930,255,255,255,255,Non-Riparian
7931,255,255,255,255,Non-Riparian
7932,255,255,255,255,Non-Riparian
7933,255,255,255,255,Non-Riparian
7934,255,255,255,255,Non-Riparian
7935,255,255,255,255,Non-Riparian
7936,255,255,255,255,Non-Riparian
7937,255,255,255,255,Non-Riparian
7938,255,255,255,255,Non-Riparian
7939,255,255,255,255,Non-Riparian
7940,255,255,255,255,Non-Riparian
7941,255,255,255,255,Non-Riparian
7942,255,255,255,255,Non-Riparian
7943,255,255,255,255,Non-Riparian
7944,255,255,255,255,Non-Riparian
7945,255,255,255,255,Non-Riparian
7946,255,255,255,255,Non-Riparian
7947,255,255,255,255,Non-Riparian
7948,255,255,255,255,Non-Riparian
7949,255,255,255,255,Non-Riparian
7950,255,255,255,255,Non-Riparian
7951,255,255,255,255,Non-Riparian
7952,255,255,255,255,Non-Riparian
7953,255,255,255,255,Non-Riparian
7954,255,255,255,255,Non-Riparian
7955,255,255,255,255,Non-Riparian
7956,255,255,255,255,Non-Riparian
7957,255,255,255,255,Non-Riparian
7958,255,255,255,255,Non-Riparian
7959,255,255,255,255,Non-Riparian
7960,255,255,255,255,Non-Riparian
7961,255,255,255,255,Non-Riparian
7962,255,255,255,255,Non-Riparian
7963,255,255,255,255,Non-Riparian
7964,255,255,255,255,Non-Riparian
7965,255,255,255,255,Non-Riparian
7966,255,255,255,255,Non-Riparian
7967,255,255,255,255,Non-Riparian
7968,255,255,255,255,Non-Riparian
7970,255,255,255,255,Non-Riparian
7971,255,255,255,255,Non-Riparian
7972,255,255,255,255,Non-Riparian
7973,255,255,255,255,Non-Riparian
7974,255,255,255,255,Non-Riparian
7975,255,255,255,255,Non-Riparian
7976,255,255,255,255,Non-Riparian
7977,255,255,255,255,Non-Riparian
7978,255,255,255,255,Non-Riparian
7979,255,255,255,255,Non-Riparian
7980,255,255,255,255,Non-Riparian
7981,255,255,255,255,Non-Riparian
7982,255,255,255,255,Non-Riparian
7983,255,255,255,255,Non-Riparian
7984,255,255,255,255,Non-Riparian
7985,255,255,255,255,Non-Riparian
7986,255,255,255,255,Non-Riparian
7987,255,255,255,255,Non-Riparian
7988,255,255,255,255,Non-Riparian
7989,255,255,255,255,Non-Riparian
7990,255,255,255,255,Non-Riparian
7991,255,255,255,255,Non-Riparian
7992,255,255,255,255,Non-Riparian
7993,255,255,255,255,Non-Riparian
7994,255,255,255,255,Non-Riparian
7995,255,255,255,255,Non-Riparian
7996,255,255,255,255,Non-Riparian
7997,255,255,255,255,Non-Riparian
7998,255,255,255,255,Non-Riparian
7999,255,255,255,255,Non-Riparian
9001,255,255,255,255,Non-Riparian
9002,56,168,0,255,Riparian
9003,56,168,0,255,Riparian
9004,255,255,255,255,Non-Riparian
9005,56,168,0,255,Riparian
9006,255,255,255,255,Non-Riparian
9008,255,255,255,255,Non-Riparian
9009,255,255,255,255,Non-Riparian
9010,255,255,255,255,Non-Riparian
9011,56,168,0,255,Riparian
9012,56,168,0,255,Riparian
9014,56,168,0,255,Riparian
9015,56,168,0,255,Riparian
9016,255,255,255,255,Non-Riparian
9017,56,168,0,255,Riparian
9018,255,255,255,255,Non-Riparian
9019,56,168,0,255,Riparian
9021,56,168,0,255,Riparian
9022,56,168,0,255,Riparian
9023,255,255,255,255,Non-Riparian
9024,255,255,255,255,Non-Riparian
9025,56,168,0,255,Riparian
9026,56,168,0,255,Riparian
9027,56,168,0,255,Riparian
9028,56,168,0,255,Riparian
9029,56,168,0,255,Riparian
9030,56,168,0,255,Riparian
9032,255,255,255,255,Non-Riparian
9033,255,255,255,255,Non-Riparian
9034,56,168,0,255,Riparian
9035,56,168,0,255,Riparian
9041,56,168,0,255,Riparian
9042,56,168,0,255,Riparian
9044,56,168,0,255,Riparian
9045,56,168,0,255,Riparian
9047,56,168,0,255,Riparian
9050,56,168,0,255,Riparian
9051,56,168,0,255,Riparian
9055,56,168,0,255,Riparian
9056,56,168,0,255,Riparian
9057,56,168,0,255,Riparian
9059,56,168,0,255,Riparian
9060,56,168,0,255,Riparian
9061,255,255,255,255,Non-Riparian
9062,255,255,255,255,Non-Riparian
9063,56,168,0,255,Riparian
9064,255,255,255,255,Non-Riparian
9065,255,255,255,255,Non-Riparian
9066,56,168,0,255,Riparian
9068,56,168,0,255,Riparian
9069,56,168,0,255,Riparian
9071,56,168,0,255,Riparian
9073,255,255,255,255,Non-Riparian
9075,56,168,0,255,Riparian
9077,56,168,0,255,Riparian
9080,56,168,0,255,Riparian
9082,56,168,0,255,Riparian
9083,56,168,0,255,Riparian
9085,56,168,0,255,Riparian
9088,255,255,255,255,Non-Riparian
9089,255,255,255,255,Non-Riparian
9091,255,255,255,255,Non-Riparian
9092,56,168,0,255,Riparian
9094,56,168,0,255,Riparian
9095,56,168,0,255,Riparian
9097,255,255,255,255,Non-Riparian
9098,56,168,0,255,Riparian
9099,255,255,255,255,Non-Riparian
9100,255,255,255,255,Non-Riparian
9101,255,255,255,255,Non-Riparian
9102,56,168,0,255,Riparian
9103,255,255,255,255,Non-Riparian
9104,56,168,0,255,Riparian
9105,56,168,0,255,Riparian
9106,56,168,0,255,Riparian
9110,255,255,255,255,Non-Riparian
9111,255,255,255,255,Non-Riparian
9112,255,255,255,255,Non-Riparian
9113,255,255,255,255,Non-Riparian
9114,56,168,0,255,Riparian
9115,255,255,255,255,Non-Riparian
9117,56,168,0,255,Riparian
9118,56,168,0,255,Riparian
9119,255,255,255,255,Non-Riparian
9120,56,168,0,255,Riparian
9121,255,255,255,255,Non-Riparian
9122,255,255,255,255,Non-Riparian
9125,255,255,255,255,Non-Riparian
9126,255,255,255,255,Non-Riparian
9129,56,168,0,255,Riparian
9130,255,255,255,255,Non-Riparian
9133,56,168,0,255,Riparian
9134,255,255,255,255,Non-Riparian
9136,56,168,0,255,Riparian
9137,56,168,0,255,Riparian
9138,56,168,0,255,Riparian
9139,56,168,0,255,Riparian
9140,56,168,0,255,Riparian
9141,56,168,0,255,Riparian
9142,56,168,0,255,Riparian
9143,56,168,0,255,Riparian
9145,255,255,255,255,Non-Riparian
9146,255,255,255,255,Non-Riparian
9147,255,255,255,255,Non-Riparian
9148,56,168,0,255,Riparian
9150,255,255,255,255,Non-Riparian
9151,255,255,255,255,Non-Riparian
9152,56,168,0,255,Riparian
9153,255,255,255,255,Non-Riparian
9154,56,168,0,255,Riparian
9160,255,255,255,255,Non-Riparian
9165,56,168,0,255,Riparian
9166,255,255,255,255,Non-Riparian
9167,255,255,255,255,Non-Riparian
9170,255,255,255,255,Non-Riparian
9171,255,255,255,255,Non-Riparian
9173,255,255,255,255,Non-Riparian
9174,56,168,0,255,Riparian
9175,255,255,255,255,Non-Riparian
9176,56,168,0,255,Riparian
9177,56,168,0,255,Riparian
9178,56,168,0,255,Riparian
9179,56,168,0,255,Riparian
9180,56,168,0,255,Riparian
9181,255,255,255,255,Non-Riparian
9182,56,168,0,255,Riparian
9183,56,168,0,255,Riparian
9187,56,168,0,255,Riparian
9188,56,168,0,255,Riparian
9189,56,168,0,255,Riparian
9190,56,168,0,255,Riparian
9191,56,168,0,255,Riparian
9192,56,168,0,255,Riparian
9193,255,255,255,255,Non-Riparian
9195,56,168,0,255,Riparian
9197,56,168,0,255,Riparian
9198,56,168,0,255,Riparian
9202,56,168,0,255,Riparian
9203,56,168,0,255,Riparian
9207,56,168,0,255,Riparian
9208,255,255,255,255,Non-Riparian
9209,56,168,0,255,Riparian
9210,56,168,0,255,Riparian
9211,56,168,0,255,Riparian
9213,255,255,255,255,Non-Riparian
9216,56,168,0,255,Riparian
9218,56,168,0,255,Riparian
9220,56,168,0,255,Riparian
9221,255,255,255,255,Non-Riparian
9222,56,168,0,255,Riparian
9223,56,168,0,255,Riparian
9224,56,168,0,255,Riparian
9226,255,255,255,255,Non-Riparian
9227,255,255,255,255,Non-Riparian
9228,56,168,0,255,Riparian
9229,255,255,255,255,Non-Riparian
9230,56,168,0,255,Riparian
9231,56,168,0,255,Riparian
9232,56,168,0,255,Riparian
9233,255,255,255,255,Non-Riparian
9234,255,255,255,255,Non-Riparian
9235,255,255,255,255,Non-Riparian
9237,56,168,0,255,Riparian
9239,56,168,0,255,Riparian
9240,255,255,255,255,Non-Riparian
9241,56,168,0,255,Riparian
9242,56,168,0,255,Riparian
9243,56,168,0,255,Riparian
9244,255,255,255,255,Non-Riparian
9245,56,168,0,255,Riparian
9246,255,255,255,255,Non-Riparian
9247,56,168,0,255,Riparian
9248,56,168,0,255,Riparian
9249,56,168,0,255,Riparian
9250,255,255,255,255,Non-Riparian
9251,255,255,255,255,Non-Riparian
9256,255,255,255,255,Non-Riparian
9257,255,255,255,255,Non-Riparian
9258,56,168,0,255,Riparian
9259,56,168,0,255,Riparian
9260,255,255,255,255,Non-Riparian
9261,56,168,0,255,Riparian
9262,255,255,255,255,Non-Riparian
9265,255,255,255,255,Non-Riparian
9266,56,168,0,255,Riparian
9268,56,168,0,255,Riparian
9270,255,255,255,255,Non-Riparian
9272,56,168,0,255,Riparian
9273,255,255,255,255,Non-Riparian
9274,56,168,0,255,Riparian
9275,56,168,0,255,Riparian
9282,56,168,0,255,Riparian
9283,56,168,0,255,Riparian
9284,56,168,0,255,Riparian
9288,255,255,255,255,Non-Riparian
9289,255,255,255,255,Non-Riparian
9290,255,255,255,255,Non-Riparian
9295,255,255,255,255,Non-Riparian
9301,255,255,255,255,Non-Riparian
9302,255,255,255,255,Non-Riparian
9304,255,255,255,255,Non-Riparian
9307,255,255,255,255,Non-Riparian
9308,255,255,255,255,Non-Riparian
9309,255,255,255,255,Non-Riparian
9310,255,255,255,255,Non-Riparian
9311,255,255,255,255,Non-Riparian
9312,255,255,255,255,Non-Riparian
9313,255,255,255,255,Non-Riparian
9314,255,255,255,255,Non-Riparian
9315,255,255,255,255,Non-Riparian
9316,255,255,255,255,Non-Riparian
9317,255,255,255,255,Non-Riparian
9318,56,168,0,255,Riparian
9319,255,255,255,255,Non-Riparian
9320,56,168,0,255,Riparian
9321,255,255,255,255,Non-Riparian
9322,255,255,255,255,Non-Riparian
9323,255,255,255,255,Non-Riparian
9324,255,255,255,255,Non-Riparian
9325,255,255,255,255,Non-Riparian
9326,255,255,255,255,Non-Riparian
9327,255,255,255,255,Non-Riparian
9328,255,255,255,255,Non-Riparian
9329,56,168,0,255,Riparian
9332,56,168,0,255,Riparian
9336,255,255,255,255,Non-Riparian
9337,255,255,255,255,Non-Riparian
9502,56,168,0,255,Riparian
9503,56,168,0,255,Riparian
9504,56,168,0,255,Riparian
9505,56,168,0,255,Riparian
9512,56,168,0,255,Riparian
9513,56,168,0,255,Riparian
9514,56,168,0,255,Riparian
9515,56,168,0,255,Riparian
9516,56,168,0,255,Riparian
9519,56,168,0,255,Riparian
9526,56,168,0,255,Riparian
9527,56,168,0,255,Riparian
9528,56,168,0,255,Riparian
9529,56,168,0,255,Riparian
9533,56,168,0,255,Riparian
9534,56,168,0,255,Riparian
9535,56,168,0,255,Riparian
9541,56,168,0,255,Riparian
9542,56,168,0,255,Riparian
9559,56,168,0,255,Riparian
9560,56,168,0,255,Riparian
9561,56,168,0,255,Riparian
9562,56,168,0,255,Riparian
9568,56,168,0,255,Riparian
9569,56,168,0,255,Riparian
9570,56,168,0,255,Riparian
9571,56,168,0,255,Riparian
9582,56,168,0,255,Riparian
9583,56,168,0,255,Riparian
9585,56,168,0,255,Riparian
9586,56,168,0,255,Riparian
9592,56,168,0,255,Riparian
9593,56,168,0,255,Riparian
9601,255,255,255,255,Non-Riparian
9604,56,168,0,255,Riparian
9605,56,168,0,255,Riparian
9611,255,255,255,255,Non-Riparian
9617,56,168,0,255,Riparian
9620,56,168,0,255,Riparian
9629,56,168,0,255,Riparian
9633,56,168,0,255,Riparian
9639,56,168,0,255,Riparian
9640,56,168,0,255,Riparian
9641,56,168,0,255,Riparian
9642,56,168,0,255,Riparian
9652,56,168,0,255,Riparian
9654,56,168,0,255,Riparian
9667,255,255,255,255,Non-Riparian
9677,56,168,0,255,Riparian
9679,56,168,0,255,Riparian
9682,56,168,0,255,Riparian
9683,56,168,0,255,Riparian
9695,56,168,0,255,Riparian
9696,56,168,0,255,Riparian
9707,56,168,0,255,Riparian
9708,56,168,0,255,Riparian
9722,56,168,0,255,Riparian
9723,56,168,0,255,Riparian
9724,56,168,0,255,Riparian
9725,56,168,0,255,Riparian
9726,56,168,0,255,Riparian
9730,56,168,0,255,Riparian
9731,56,168,0,255,Riparian
9732,56,168,0,255,Riparian
9733,56,168,0,255,Riparian
9742,56,168,0,255,Riparian
9743,56,168,0,255,Riparian
9758,56,168,0,255,Riparian
9759,56,168,0,255,Riparian
9760,56,168,0,255,Riparian
9761,56,168,0,255,Riparian
9766,56,168,0,255,Riparian
9774,56,168,0,255,Riparian
9775,56,168,0,255,Riparian
9782,56,168,0,255,Riparian
9783,56,168,0,255,Riparian
9784,56,168,0,255,Riparian
9785,56,168,0,255,Riparian
9810,255,255,255,255,Non-Riparian
9811,255,255,255,255,Non-Riparian
9816,255,255,255,255,Non-Riparian
9817,255,255,255,255,Non-Riparian
9823,255,255,255,255,Non-Riparian
9825,255,255,255,255,Non-Riparian
9826,255,255,255,255,Non-Riparian
9827,255,255,255,255,Non-Riparian
9828,255,255,255,255,Non-Riparian
9829,56,168,0,255,Riparian
9993,56,168,0,255,Riparian
9994,56,168,0,255,Riparian
