# QGIS Generated Color Map Export File
INTERPOLATION:DISCRETE
-9999,255,255,255,255,Fill-NoData
-1111,111,111,111,255,Fill-Not Mapped
0,0,0,0,255,Non Disturbed
20110011,255,0,0,255,Fire
20110012,255,0,0,255,Fire
20110013,255,0,0,255,Fire
20110014,255,0,0,255,Fire
20110015,255,0,0,255,Fire
20110021,255,0,0,255,Fire
20110022,255,0,0,255,Fire
20110023,255,0,0,255,Fire
20110024,255,0,0,255,Fire
20110031,255,0,0,255,Fire
20110032,255,0,0,255,Fire
20110033,255,0,0,255,Fire
20110034,255,0,0,255,Fire
20110111,255,0,0,255,Fire
20110112,255,0,0,255,Fire
20110113,255,0,0,255,Fire
20110114,255,0,0,255,Fire
20110211,255,0,0,255,Fire
20110212,255,0,0,255,Fire
20110213,255,0,0,255,Fire
20110214,255,0,0,255,Fire
20110231,255,0,0,255,Fire
20110232,255,0,0,255,Fire
20110234,255,0,0,255,Fire
20110421,128,97,69,255,Clearcut
20110422,128,97,69,255,Clearcut
20110423,128,97,69,255,Clearcut
20110431,255,255,119,255,Harvest
20110432,255,255,119,255,Harvest
20110433,255,255,119,255,Harvest
20110441,181,156,114,255,Thinning
20110442,181,156,114,255,Thinning
20110443,181,156,114,255,Thinning
20110451,255,102,0,255,Mastication
20110452,255,102,0,255,Mastication
20110453,255,102,0,255,Mastication
20110461,96,255,71,255,Other Mechanical
20110462,96,255,71,255,Other Mechanical
20110463,96,255,71,255,Other Mechanical
20110471,255,0,0,255,Wildfire
20110472,255,0,0,255,Wildfire
20110473,255,0,0,255,Wildfire
20110481,255,0,0,255,Wildland Fire Use
20110482,255,0,0,255,Wildland Fire Use
20110483,255,0,0,255,Wildland Fire Use
20110491,173,0,28,255,Prescribed Fire
20110492,173,0,28,255,Prescribed Fire
20110493,173,0,28,255,Prescribed Fire
20110501,255,0,0,255,Wildland Fire
20110502,255,0,0,255,Wildland Fire
20110503,255,0,0,255,Wildland Fire
20110511,191,191,191,255,Weather
20110512,191,191,191,255,Weather
20110513,191,191,191,255,Weather
20110541,146,232,215,255,Insects
20110542,146,232,215,255,Insects
20110543,146,232,215,255,Insects
20110551,4,45,117,255,Disease
20110552,4,45,117,255,Disease
20110701,122,127,117,255,Unknown
20110702,122,127,117,255,Unknown
20110703,122,127,117,255,Unknown
20110721,128,97,69,255,Clearcut
20110722,128,97,69,255,Clearcut
20110723,128,97,69,255,Clearcut
20110731,255,255,119,255,Harvest
20110732,255,255,119,255,Harvest
20110733,255,255,119,255,Harvest
20110741,181,156,114,255,Thinning
20110742,181,156,114,255,Thinning
20110743,181,156,114,255,Thinning
20110751,255,102,0,255,Mastication
20110752,255,102,0,255,Mastication
20110753,255,102,0,255,Mastication
20110761,96,255,71,255,Other Mechanical
20110762,96,255,71,255,Other Mechanical
20110763,96,255,71,255,Other Mechanical
20110771,255,0,0,255,Wildfire
20110772,255,0,0,255,Wildfire
20110773,255,0,0,255,Wildfire
20110791,173,0,28,255,Prescribed Fire
20110792,173,0,28,255,Prescribed Fire
20110793,173,0,28,255,Prescribed Fire
20110801,255,0,0,255,Wildland Fire
20110802,255,0,0,255,Wildland Fire
20110803,255,0,0,255,Wildland Fire
20110811,191,191,191,255,Weather
20110812,191,191,191,255,Weather
20110813,191,191,191,255,Weather
20110841,146,232,215,255,Insects
20110842,146,232,215,255,Insects
20110843,146,232,215,255,Insects
20110851,4,45,117,255,Disease
20110921,128,97,69,255,Clearcut
20110931,255,255,119,255,Harvest
20110941,181,156,114,255,Thinning
20110951,255,102,0,255,Mastication
20110961,96,255,71,255,Other Mechanical
20110971,255,0,0,255,Wildfire
20110981,255,0,0,255,Wildland Fire Use
20110991,173,0,28,255,Prescribed Fire
20111001,255,0,0,255,Wildland Fire
20111011,191,191,191,255,Weather
20111041,146,232,215,255,Insects
20111051,4,45,117,255,Disease
20111101,122,127,117,255,Unknown
20111102,122,127,117,255,Unknown
20111103,122,127,117,255,Unknown
20120011,255,0,0,255,Fire
20120012,255,0,0,255,Fire
20120013,255,0,0,255,Fire
20120014,255,0,0,255,Fire
20120015,255,0,0,255,Fire
20120021,255,0,0,255,Fire
20120022,255,0,0,255,Fire
20120023,255,0,0,255,Fire
20120024,255,0,0,255,Fire
20120031,255,0,0,255,Fire
20120032,255,0,0,255,Fire
20120033,255,0,0,255,Fire
20120034,255,0,0,255,Fire
20120111,255,0,0,255,Fire
20120112,255,0,0,255,Fire
20120113,255,0,0,255,Fire
20120114,255,0,0,255,Fire
20120211,255,0,0,255,Fire
20120212,255,0,0,255,Fire
20120213,255,0,0,255,Fire
20120214,255,0,0,255,Fire
20120231,255,0,0,255,Fire
20120232,255,0,0,255,Fire
20120233,255,0,0,255,Fire
20120234,255,0,0,255,Fire
20120421,128,97,69,255,Clearcut
20120422,128,97,69,255,Clearcut
20120423,128,97,69,255,Clearcut
20120431,255,255,119,255,Harvest
20120432,255,255,119,255,Harvest
20120433,255,255,119,255,Harvest
20120441,181,156,114,255,Thinning
20120442,181,156,114,255,Thinning
20120443,181,156,114,255,Thinning
20120451,255,102,0,255,Mastication
20120452,255,102,0,255,Mastication
20120453,255,102,0,255,Mastication
20120461,96,255,71,255,Other Mechanical
20120462,96,255,71,255,Other Mechanical
20120463,96,255,71,255,Other Mechanical
20120471,255,0,0,255,Wildfire
20120472,255,0,0,255,Wildfire
20120473,255,0,0,255,Wildfire
20120481,255,0,0,255,Wildland Fire Use
20120482,255,0,0,255,Wildland Fire Use
20120483,255,0,0,255,Wildland Fire Use
20120491,173,0,28,255,Prescribed Fire
20120492,173,0,28,255,Prescribed Fire
20120493,173,0,28,255,Prescribed Fire
20120501,255,0,0,255,Wildland Fire
20120502,255,0,0,255,Wildland Fire
20120503,255,0,0,255,Wildland Fire
20120511,191,191,191,255,Weather
20120512,191,191,191,255,Weather
20120513,191,191,191,255,Weather
20120541,146,232,215,255,Insects
20120542,146,232,215,255,Insects
20120543,146,232,215,255,Insects
20120551,4,45,117,255,Disease
20120552,4,45,117,255,Disease
20120553,4,45,117,255,Disease
20120701,122,127,117,255,Unknown
20120702,122,127,117,255,Unknown
20120703,122,127,117,255,Unknown
20120721,128,97,69,255,Clearcut
20120722,128,97,69,255,Clearcut
20120723,128,97,69,255,Clearcut
20120731,255,255,119,255,Harvest
20120732,255,255,119,255,Harvest
20120733,255,255,119,255,Harvest
20120741,181,156,114,255,Thinning
20120742,181,156,114,255,Thinning
20120743,181,156,114,255,Thinning
20120751,255,102,0,255,Mastication
20120752,255,102,0,255,Mastication
20120753,255,102,0,255,Mastication
20120761,96,255,71,255,Other Mechanical
20120762,96,255,71,255,Other Mechanical
20120763,96,255,71,255,Other Mechanical
20120771,255,0,0,255,Wildfire
20120772,255,0,0,255,Wildfire
20120773,255,0,0,255,Wildfire
20120791,173,0,28,255,Prescribed Fire
20120792,173,0,28,255,Prescribed Fire
20120793,173,0,28,255,Prescribed Fire
20120801,255,0,0,255,Wildland Fire
20120802,255,0,0,255,Wildland Fire
20120803,255,0,0,255,Wildland Fire
20120811,191,191,191,255,Weather
20120812,191,191,191,255,Weather
20120813,191,191,191,255,Weather
20120841,146,232,215,255,Insects
20120842,146,232,215,255,Insects
20120843,146,232,215,255,Insects
20120851,4,45,117,255,Disease
20120852,4,45,117,255,Disease
20120853,4,45,117,255,Disease
20120921,128,97,69,255,Clearcut
20120931,255,255,119,255,Harvest
20120941,181,156,114,255,Thinning
20120951,255,102,0,255,Mastication
20120961,96,255,71,255,Other Mechanical
20120971,255,0,0,255,Wildfire
20120981,255,0,0,255,Wildland Fire Use
20120991,173,0,28,255,Prescribed Fire
20121001,255,0,0,255,Wildland Fire
20121011,191,191,191,255,Weather
20121041,146,232,215,255,Insects
20121051,4,45,117,255,Disease
20121101,122,127,117,255,Unknown
20121102,122,127,117,255,Unknown
20121103,122,127,117,255,Unknown
20130011,255,0,0,255,Fire
20130012,255,0,0,255,Fire
20130013,255,0,0,255,Fire
20130014,255,0,0,255,Fire
20130015,255,0,0,255,Fire
20130021,255,0,0,255,Fire
20130022,255,0,0,255,Fire
20130023,255,0,0,255,Fire
20130024,255,0,0,255,Fire
20130031,255,0,0,255,Fire
20130032,255,0,0,255,Fire
20130033,255,0,0,255,Fire
20130034,255,0,0,255,Fire
20130111,255,0,0,255,Fire
20130112,255,0,0,255,Fire
20130113,255,0,0,255,Fire
20130114,255,0,0,255,Fire
20130211,255,0,0,255,Fire
20130212,255,0,0,255,Fire
20130213,255,0,0,255,Fire
20130214,255,0,0,255,Fire
20130231,255,0,0,255,Fire
20130232,255,0,0,255,Fire
20130233,255,0,0,255,Fire
20130234,255,0,0,255,Fire
20130421,128,97,69,255,Clearcut
20130422,128,97,69,255,Clearcut
20130423,128,97,69,255,Clearcut
20130431,255,255,119,255,Harvest
20130432,255,255,119,255,Harvest
20130433,255,255,119,255,Harvest
20130441,181,156,114,255,Thinning
20130442,181,156,114,255,Thinning
20130443,181,156,114,255,Thinning
20130451,255,102,0,255,Mastication
20130452,255,102,0,255,Mastication
20130453,255,102,0,255,Mastication
20130461,96,255,71,255,Other Mechanical
20130462,96,255,71,255,Other Mechanical
20130463,96,255,71,255,Other Mechanical
20130471,255,0,0,255,Wildfire
20130472,255,0,0,255,Wildfire
20130473,255,0,0,255,Wildfire
20130481,255,0,0,255,Wildland Fire Use
20130482,255,0,0,255,Wildland Fire Use
20130483,255,0,0,255,Wildland Fire Use
20130491,173,0,28,255,Prescribed Fire
20130492,173,0,28,255,Prescribed Fire
20130493,173,0,28,255,Prescribed Fire
20130501,255,0,0,255,Wildland Fire
20130502,255,0,0,255,Wildland Fire
20130503,255,0,0,255,Wildland Fire
20130541,146,232,215,255,Insects
20130542,146,232,215,255,Insects
20130543,146,232,215,255,Insects
20130551,4,45,117,255,Disease
20130552,4,45,117,255,Disease
20130553,4,45,117,255,Disease
20130701,122,127,117,255,Unknown
20130702,122,127,117,255,Unknown
20130703,122,127,117,255,Unknown
20130721,128,97,69,255,Clearcut
20130722,128,97,69,255,Clearcut
20130723,128,97,69,255,Clearcut
20130731,255,255,119,255,Harvest
20130732,255,255,119,255,Harvest
20130733,255,255,119,255,Harvest
20130741,181,156,114,255,Thinning
20130742,181,156,114,255,Thinning
20130743,181,156,114,255,Thinning
20130751,255,102,0,255,Mastication
20130752,255,102,0,255,Mastication
20130753,255,102,0,255,Mastication
20130761,96,255,71,255,Other Mechanical
20130762,96,255,71,255,Other Mechanical
20130763,96,255,71,255,Other Mechanical
20130771,255,0,0,255,Wildfire
20130772,255,0,0,255,Wildfire
20130773,255,0,0,255,Wildfire
20130791,173,0,28,255,Prescribed Fire
20130792,173,0,28,255,Prescribed Fire
20130793,173,0,28,255,Prescribed Fire
20130801,255,0,0,255,Wildland Fire
20130802,255,0,0,255,Wildland Fire
20130803,255,0,0,255,Wildland Fire
20130841,146,232,215,255,Insects
20130842,146,232,215,255,Insects
20130843,146,232,215,255,Insects
20130851,4,45,117,255,Disease
20130852,4,45,117,255,Disease
20130853,4,45,117,255,Disease
20130921,128,97,69,255,Clearcut
20130931,255,255,119,255,Harvest
20130941,181,156,114,255,Thinning
20130951,255,102,0,255,Mastication
20130961,96,255,71,255,Other Mechanical
20130971,255,0,0,255,Wildfire
20130981,255,0,0,255,Wildland Fire Use
20130991,173,0,28,255,Prescribed Fire
20131001,255,0,0,255,Wildland Fire
20131041,146,232,215,255,Insects
20131051,4,45,117,255,Disease
20131101,122,127,117,255,Unknown
20131102,122,127,117,255,Unknown
20131103,122,127,117,255,Unknown
20131111,122,127,117,255,Unknown
20131112,122,127,117,255,Unknown
20131113,122,127,117,255,Unknown
20131121,122,127,117,255,Unknown
20131122,122,127,117,255,Unknown
20131123,122,127,117,255,Unknown
20131131,122,127,117,255,Unknown
20131132,122,127,117,255,Unknown
20131133,122,127,117,255,Unknown
20140011,255,0,0,255,Fire
20140012,255,0,0,255,Fire
20140013,255,0,0,255,Fire
20140014,255,0,0,255,Fire
20140015,255,0,0,255,Fire
20140021,255,0,0,255,Fire
20140022,255,0,0,255,Fire
20140023,255,0,0,255,Fire
20140024,255,0,0,255,Fire
20140031,255,0,0,255,Fire
20140032,255,0,0,255,Fire
20140033,255,0,0,255,Fire
20140034,255,0,0,255,Fire
20140111,255,0,0,255,Fire
20140112,255,0,0,255,Fire
20140113,255,0,0,255,Fire
20140114,255,0,0,255,Fire
20140211,255,0,0,255,Fire
20140212,255,0,0,255,Fire
20140213,255,0,0,255,Fire
20140214,255,0,0,255,Fire
20140231,255,0,0,255,Fire
20140232,255,0,0,255,Fire
20140233,255,0,0,255,Fire
20140234,255,0,0,255,Fire
20140421,128,97,69,255,Clearcut
20140422,128,97,69,255,Clearcut
20140423,128,97,69,255,Clearcut
20140431,255,255,119,255,Harvest
20140432,255,255,119,255,Harvest
20140433,255,255,119,255,Harvest
20140441,181,156,114,255,Thinning
20140442,181,156,114,255,Thinning
20140443,181,156,114,255,Thinning
20140451,255,102,0,255,Mastication
20140452,255,102,0,255,Mastication
20140453,255,102,0,255,Mastication
20140461,96,255,71,255,Other Mechanical
20140462,96,255,71,255,Other Mechanical
20140463,96,255,71,255,Other Mechanical
20140471,255,0,0,255,Wildfire
20140472,255,0,0,255,Wildfire
20140473,255,0,0,255,Wildfire
20140481,255,0,0,255,Wildland Fire Use
20140482,255,0,0,255,Wildland Fire Use
20140483,255,0,0,255,Wildland Fire Use
20140491,173,0,28,255,Prescribed Fire
20140492,173,0,28,255,Prescribed Fire
20140493,173,0,28,255,Prescribed Fire
20140501,255,0,0,255,Wildland Fire
20140502,255,0,0,255,Wildland Fire
20140503,255,0,0,255,Wildland Fire
20140541,146,232,215,255,Insects
20140542,146,232,215,255,Insects
20140551,4,45,117,255,Disease
20140552,4,45,117,255,Disease
20140553,4,45,117,255,Disease
20140701,122,127,117,255,Unknown
20140702,122,127,117,255,Unknown
20140703,122,127,117,255,Unknown
20140721,128,97,69,255,Clearcut
20140722,128,97,69,255,Clearcut
20140723,128,97,69,255,Clearcut
20140731,255,255,119,255,Harvest
20140732,255,255,119,255,Harvest
20140733,255,255,119,255,Harvest
20140741,181,156,114,255,Thinning
20140742,181,156,114,255,Thinning
20140743,181,156,114,255,Thinning
20140751,255,102,0,255,Mastication
20140752,255,102,0,255,Mastication
20140753,255,102,0,255,Mastication
20140761,96,255,71,255,Other Mechanical
20140762,96,255,71,255,Other Mechanical
20140763,96,255,71,255,Other Mechanical
20140771,255,0,0,255,Wildfire
20140772,255,0,0,255,Wildfire
20140773,255,0,0,255,Wildfire
20140781,255,0,0,255,Wildland Fire Use
20140782,255,0,0,255,Wildland Fire Use
20140783,255,0,0,255,Wildland Fire Use
20140791,173,0,28,255,Prescribed Fire
20140792,173,0,28,255,Prescribed Fire
20140793,173,0,28,255,Prescribed Fire
20140801,255,0,0,255,Wildland Fire
20140802,255,0,0,255,Wildland Fire
20140803,255,0,0,255,Wildland Fire
20140841,146,232,215,255,Insects
20140842,146,232,215,255,Insects
20140843,146,232,215,255,Insects
20140851,4,45,117,255,Disease
20140852,4,45,117,255,Disease
20140853,4,45,117,255,Disease
20140921,128,97,69,255,Clearcut
20140931,255,255,119,255,Harvest
20140941,181,156,114,255,Thinning
20140951,255,102,0,255,Mastication
20140961,96,255,71,255,Other Mechanical
20140971,255,0,0,255,Wildfire
20140981,255,0,0,255,Wildland Fire Use
20140991,173,0,28,255,Prescribed Fire
20141001,255,0,0,255,Wildland Fire
20141011,191,191,191,255,Weather
20141041,146,232,215,255,Insects
20141051,4,45,117,255,Disease
20141101,122,127,117,255,Unknown
20141102,122,127,117,255,Unknown
20141103,122,127,117,255,Unknown
20141111,122,127,117,255,Unknown
20141112,122,127,117,255,Unknown
20141113,122,127,117,255,Unknown
20141121,122,127,117,255,Unknown
20141122,122,127,117,255,Unknown
20141123,122,127,117,255,Unknown
20141131,122,127,117,255,Unknown
20141132,122,127,117,255,Unknown
20141133,122,127,117,255,Unknown
20150011,255,0,0,255,Fire
20150012,255,0,0,255,Fire
20150013,255,0,0,255,Fire
20150014,255,0,0,255,Fire
20150015,255,0,0,255,Fire
20150021,255,0,0,255,Fire
20150022,255,0,0,255,Fire
20150023,255,0,0,255,Fire
20150024,255,0,0,255,Fire
20150031,255,0,0,255,Fire
20150032,255,0,0,255,Fire
20150033,255,0,0,255,Fire
20150034,255,0,0,255,Fire
20150111,255,0,0,255,Fire
20150112,255,0,0,255,Fire
20150113,255,0,0,255,Fire
20150114,255,0,0,255,Fire
20150211,255,0,0,255,Fire
20150212,255,0,0,255,Fire
20150231,255,0,0,255,Fire
20150232,255,0,0,255,Fire
20150234,255,0,0,255,Fire
20150421,128,97,69,255,Clearcut
20150422,128,97,69,255,Clearcut
20150423,128,97,69,255,Clearcut
20150431,255,255,119,255,Harvest
20150432,255,255,119,255,Harvest
20150433,255,255,119,255,Harvest
20150441,181,156,114,255,Thinning
20150442,181,156,114,255,Thinning
20150443,181,156,114,255,Thinning
20150451,255,102,0,255,Mastication
20150452,255,102,0,255,Mastication
20150453,255,102,0,255,Mastication
20150461,96,255,71,255,Other Mechanical
20150462,96,255,71,255,Other Mechanical
20150463,96,255,71,255,Other Mechanical
20150471,255,0,0,255,Wildfire
20150472,255,0,0,255,Wildfire
20150473,255,0,0,255,Wildfire
20150481,255,0,0,255,Wildland Fire Use
20150482,255,0,0,255,Wildland Fire Use
20150483,255,0,0,255,Wildland Fire Use
20150491,173,0,28,255,Prescribed Fire
20150492,173,0,28,255,Prescribed Fire
20150493,173,0,28,255,Prescribed Fire
20150501,255,0,0,255,Wildland Fire
20150502,255,0,0,255,Wildland Fire
20150503,255,0,0,255,Wildland Fire
20150541,146,232,215,255,Insects
20150701,122,127,117,255,Unknown
20150702,122,127,117,255,Unknown
20150703,122,127,117,255,Unknown
20150721,128,97,69,255,Clearcut
20150722,128,97,69,255,Clearcut
20150723,128,97,69,255,Clearcut
20150731,255,255,119,255,Harvest
20150732,255,255,119,255,Harvest
20150733,255,255,119,255,Harvest
20150741,181,156,114,255,Thinning
20150742,181,156,114,255,Thinning
20150743,181,156,114,255,Thinning
20150751,255,102,0,255,Mastication
20150752,255,102,0,255,Mastication
20150753,255,102,0,255,Mastication
20150761,96,255,71,255,Other Mechanical
20150762,96,255,71,255,Other Mechanical
20150763,96,255,71,255,Other Mechanical
20150771,255,0,0,255,Wildfire
20150772,255,0,0,255,Wildfire
20150773,255,0,0,255,Wildfire
20150781,255,0,0,255,Wildland Fire Use
20150782,255,0,0,255,Wildland Fire Use
20150791,173,0,28,255,Prescribed Fire
20150792,173,0,28,255,Prescribed Fire
20150793,173,0,28,255,Prescribed Fire
20150801,255,0,0,255,Wildland Fire
20150802,255,0,0,255,Wildland Fire
20150803,255,0,0,255,Wildland Fire
20150841,146,232,215,255,Insects
20150842,146,232,215,255,Insects
20150843,146,232,215,255,Insects
20150921,128,97,69,255,Clearcut
20150931,255,255,119,255,Harvest
20150941,181,156,114,255,Thinning
20150951,255,102,0,255,Mastication
20150961,96,255,71,255,Other Mechanical
20150971,255,0,0,255,Wildfire
20150981,255,0,0,255,Wildland Fire Use
20150991,173,0,28,255,Prescribed Fire
20151001,255,0,0,255,Wildland Fire
20151041,146,232,215,255,Insects
20151101,122,127,117,255,Unknown
20151102,122,127,117,255,Unknown
20151103,122,127,117,255,Unknown
20151111,122,127,117,255,Unknown
20151112,122,127,117,255,Unknown
20151113,122,127,117,255,Unknown
20151121,122,127,117,255,Unknown
20151122,122,127,117,255,Unknown
20151123,122,127,117,255,Unknown
20151131,122,127,117,255,Unknown
20151132,122,127,117,255,Unknown
20151133,122,127,117,255,Unknown
20160011,255,0,0,255,Fire
20160012,255,0,0,255,Fire
20160013,255,0,0,255,Fire
20160014,255,0,0,255,Fire
20160015,255,0,0,255,Fire
20160021,255,0,0,255,Fire
20160022,255,0,0,255,Fire
20160023,255,0,0,255,Fire
20160024,255,0,0,255,Fire
20160031,255,0,0,255,Fire
20160032,255,0,0,255,Fire
20160033,255,0,0,255,Fire
20160034,255,0,0,255,Fire
20160111,255,0,0,255,Fire
20160112,255,0,0,255,Fire
20160113,255,0,0,255,Fire
20160114,255,0,0,255,Fire
20160211,255,0,0,255,Fire
20160212,255,0,0,255,Fire
20160213,255,0,0,255,Fire
20160231,255,0,0,255,Fire
20160232,255,0,0,255,Fire
20160233,255,0,0,255,Fire
20160234,255,0,0,255,Fire
20160421,128,97,69,255,Clearcut
20160422,128,97,69,255,Clearcut
20160423,128,97,69,255,Clearcut
20160431,255,255,119,255,Harvest
20160432,255,255,119,255,Harvest
20160433,255,255,119,255,Harvest
20160441,181,156,114,255,Thinning
20160442,181,156,114,255,Thinning
20160443,181,156,114,255,Thinning
20160451,255,102,0,255,Mastication
20160452,255,102,0,255,Mastication
20160453,255,102,0,255,Mastication
20160461,96,255,71,255,Other Mechanical
20160462,96,255,71,255,Other Mechanical
20160463,96,255,71,255,Other Mechanical
20160471,255,0,0,255,Wildfire
20160472,255,0,0,255,Wildfire
20160473,255,0,0,255,Wildfire
20160481,255,0,0,255,Wildland Fire Use
20160482,255,0,0,255,Wildland Fire Use
20160483,255,0,0,255,Wildland Fire Use
20160491,173,0,28,255,Prescribed Fire
20160492,173,0,28,255,Prescribed Fire
20160493,173,0,28,255,Prescribed Fire
20160501,255,0,0,255,Wildland Fire
20160502,255,0,0,255,Wildland Fire
20160503,255,0,0,255,Wildland Fire
20160541,146,232,215,255,Insects
20160542,146,232,215,255,Insects
20160543,146,232,215,255,Insects
20160701,122,127,117,255,Unknown
20160702,122,127,117,255,Unknown
20160703,122,127,117,255,Unknown
20160721,128,97,69,255,Clearcut
20160722,128,97,69,255,Clearcut
20160723,128,97,69,255,Clearcut
20160731,255,255,119,255,Harvest
20160732,255,255,119,255,Harvest
20160733,255,255,119,255,Harvest
20160741,181,156,114,255,Thinning
20160742,181,156,114,255,Thinning
20160743,181,156,114,255,Thinning
20160751,255,102,0,255,Mastication
20160752,255,102,0,255,Mastication
20160753,255,102,0,255,Mastication
20160761,96,255,71,255,Other Mechanical
20160762,96,255,71,255,Other Mechanical
20160763,96,255,71,255,Other Mechanical
20160771,255,0,0,255,Wildfire
20160772,255,0,0,255,Wildfire
20160773,255,0,0,255,Wildfire
20160781,255,0,0,255,Wildland Fire Use
20160782,255,0,0,255,Wildland Fire Use
20160783,255,0,0,255,Wildland Fire Use
20160791,173,0,28,255,Prescribed Fire
20160792,173,0,28,255,Prescribed Fire
20160793,173,0,28,255,Prescribed Fire
20160801,255,0,0,255,Wildland Fire
20160802,255,0,0,255,Wildland Fire
20160803,255,0,0,255,Wildland Fire
20160841,146,232,215,255,Insects
20160842,146,232,215,255,Insects
20160843,146,232,215,255,Insects
20160921,128,97,69,255,Clearcut
20160931,255,255,119,255,Harvest
20160941,181,156,114,255,Thinning
20160951,255,102,0,255,Mastication
20160961,96,255,71,255,Other Mechanical
20160971,255,0,0,255,Wildfire
20160981,255,0,0,255,Wildland Fire Use
20160991,173,0,28,255,Prescribed Fire
20161001,255,0,0,255,Wildland Fire
20161011,191,191,191,255,Weather
20161041,146,232,215,255,Insects
20161101,122,127,117,255,Unknown
20161102,122,127,117,255,Unknown
20161103,122,127,117,255,Unknown
20161111,122,127,117,255,Unknown
20161112,122,127,117,255,Unknown
20161113,122,127,117,255,Unknown
20161121,122,127,117,255,Unknown
20161122,122,127,117,255,Unknown
20161123,122,127,117,255,Unknown
20161131,122,127,117,255,Unknown
20161132,122,127,117,255,Unknown
20161133,122,127,117,255,Unknown
20170011,255,0,0,255,Fire
20170012,255,0,0,255,Fire
20170013,255,0,0,255,Fire
20170014,255,0,0,255,Fire
20170015,255,0,0,255,Fire
20170021,255,0,0,255,Fire
20170022,255,0,0,255,Fire
20170023,255,0,0,255,Fire
20170024,255,0,0,255,Fire
20170031,255,0,0,255,Fire
20170032,255,0,0,255,Fire
20170033,255,0,0,255,Fire
20170034,255,0,0,255,Fire
20170111,255,0,0,255,Fire
20170112,255,0,0,255,Fire
20170113,255,0,0,255,Fire
20170114,255,0,0,255,Fire
20170211,255,0,0,255,Fire
20170212,255,0,0,255,Fire
20170231,255,0,0,255,Fire
20170232,255,0,0,255,Fire
20170233,255,0,0,255,Fire
20170234,255,0,0,255,Fire
20170421,128,97,69,255,Clearcut
20170422,128,97,69,255,Clearcut
20170423,128,97,69,255,Clearcut
20170431,255,255,119,255,Harvest
20170432,255,255,119,255,Harvest
20170433,255,255,119,255,Harvest
20170441,181,156,114,255,Thinning
20170442,181,156,114,255,Thinning
20170443,181,156,114,255,Thinning
20170451,255,102,0,255,Mastication
20170452,255,102,0,255,Mastication
20170453,255,102,0,255,Mastication
20170461,96,255,71,255,Other Mechanical
20170462,96,255,71,255,Other Mechanical
20170463,96,255,71,255,Other Mechanical
20170471,255,0,0,255,Wildfire
20170472,255,0,0,255,Wildfire
20170473,255,0,0,255,Wildfire
20170481,255,0,0,255,Wildland Fire Use
20170482,255,0,0,255,Wildland Fire Use
20170483,255,0,0,255,Wildland Fire Use
20170491,173,0,28,255,Prescribed Fire
20170492,173,0,28,255,Prescribed Fire
20170493,173,0,28,255,Prescribed Fire
20170501,255,0,0,255,Wildland Fire
20170502,255,0,0,255,Wildland Fire
20170503,255,0,0,255,Wildland Fire
20170511,191,191,191,255,Weather
20170512,191,191,191,255,Weather
20170513,191,191,191,255,Weather
20170541,146,232,215,255,Insects
20170542,146,232,215,255,Insects
20170543,146,232,215,255,Insects
20170551,4,45,117,255,Disease
20170552,4,45,117,255,Disease
20170553,4,45,117,255,Disease
20170561,0,0,255,255,Insects/Disease
20170562,0,0,255,255,Insects/Disease
20170563,0,0,255,255,Insects/Disease
20170701,122,127,117,255,Unknown
20170702,122,127,117,255,Unknown
20170703,122,127,117,255,Unknown
20170721,128,97,69,255,Clearcut
20170722,128,97,69,255,Clearcut
20170723,128,97,69,255,Clearcut
20170731,255,255,119,255,Harvest
20170732,255,255,119,255,Harvest
20170733,255,255,119,255,Harvest
20170741,181,156,114,255,Thinning
20170742,181,156,114,255,Thinning
20170743,181,156,114,255,Thinning
20170751,255,102,0,255,Mastication
20170752,255,102,0,255,Mastication
20170753,255,102,0,255,Mastication
20170761,96,255,71,255,Other Mechanical
20170762,96,255,71,255,Other Mechanical
20170763,96,255,71,255,Other Mechanical
20170771,255,0,0,255,Wildfire
20170772,255,0,0,255,Wildfire
20170773,255,0,0,255,Wildfire
20170781,255,0,0,255,Wildland Fire Use
20170782,255,0,0,255,Wildland Fire Use
20170783,255,0,0,255,Wildland Fire Use
20170791,173,0,28,255,Prescribed Fire
20170792,173,0,28,255,Prescribed Fire
20170793,173,0,28,255,Prescribed Fire
20170801,255,0,0,255,Wildland Fire
20170802,255,0,0,255,Wildland Fire
20170803,255,0,0,255,Wildland Fire
20170811,191,191,191,255,Weather
20170812,191,191,191,255,Weather
20170813,191,191,191,255,Weather
20170841,146,232,215,255,Insects
20170842,146,232,215,255,Insects
20170843,146,232,215,255,Insects
20170851,4,45,117,255,Disease
20170852,4,45,117,255,Disease
20170853,4,45,117,255,Disease
20170861,0,0,255,255,Insects/Disease
20170862,0,0,255,255,Insects/Disease
20170863,0,0,255,255,Insects/Disease
20170921,128,97,69,255,Clearcut
20170931,255,255,119,255,Harvest
20170941,181,156,114,255,Thinning
20170951,255,102,0,255,Mastication
20170961,96,255,71,255,Other Mechanical
20170971,255,0,0,255,Wildfire
20170981,255,0,0,255,Wildland Fire Use
20170991,173,0,28,255,Prescribed Fire
20171001,255,0,0,255,Wildland Fire
20171011,191,191,191,255,Weather
20171041,146,232,215,255,Insects
20171051,4,45,117,255,Disease
20171061,0,0,255,255,Insects/Disease
20171101,122,127,117,255,Unknown
20171102,122,127,117,255,Unknown
20171103,122,127,117,255,Unknown
20171111,122,127,117,255,Unknown
20171112,122,127,117,255,Unknown
20171113,122,127,117,255,Unknown
20171121,122,127,117,255,Unknown
20171122,122,127,117,255,Unknown
20171123,122,127,117,255,Unknown
20171131,122,127,117,255,Unknown
20171132,122,127,117,255,Unknown
20171133,122,127,117,255,Unknown
20180011,255,0,0,255,Fire
20180012,255,0,0,255,Fire
20180013,255,0,0,255,Fire
20180014,255,0,0,255,Fire
20180015,255,0,0,255,Fire
20180021,255,0,0,255,Fire
20180022,255,0,0,255,Fire
20180023,255,0,0,255,Fire
20180024,255,0,0,255,Fire
20180031,255,0,0,255,Fire
20180032,255,0,0,255,Fire
20180033,255,0,0,255,Fire
20180034,255,0,0,255,Fire
20180111,255,0,0,255,Fire
20180112,255,0,0,255,Fire
20180113,255,0,0,255,Fire
20180114,255,0,0,255,Fire
20180212,255,0,0,255,Fire
20180213,255,0,0,255,Fire
20180231,255,0,0,255,Fire
20180232,255,0,0,255,Fire
20180233,255,0,0,255,Fire
20180234,255,0,0,255,Fire
20180421,128,97,69,255,Clearcut
20180422,128,97,69,255,Clearcut
20180423,128,97,69,255,Clearcut
20180431,255,255,119,255,Harvest
20180432,255,255,119,255,Harvest
20180433,255,255,119,255,Harvest
20180441,181,156,114,255,Thinning
20180442,181,156,114,255,Thinning
20180443,181,156,114,255,Thinning
20180451,255,102,0,255,Mastication
20180452,255,102,0,255,Mastication
20180453,255,102,0,255,Mastication
20180461,96,255,71,255,Other Mechanical
20180462,96,255,71,255,Other Mechanical
20180463,96,255,71,255,Other Mechanical
20180471,255,0,0,255,Wildfire
20180472,255,0,0,255,Wildfire
20180473,255,0,0,255,Wildfire
20180481,255,0,0,255,Wildland Fire Use
20180482,255,0,0,255,Wildland Fire Use
20180483,255,0,0,255,Wildland Fire Use
20180491,173,0,28,255,Prescribed Fire
20180492,173,0,28,255,Prescribed Fire
20180493,173,0,28,255,Prescribed Fire
20180501,255,0,0,255,Wildland Fire
20180502,255,0,0,255,Wildland Fire
20180503,255,0,0,255,Wildland Fire
20180541,146,232,215,255,Insects
20180542,146,232,215,255,Insects
20180543,146,232,215,255,Insects
20180551,4,45,117,255,Disease
20180552,4,45,117,255,Disease
20180553,4,45,117,255,Disease
20180561,0,0,255,255,Insects/Disease
20180562,0,0,255,255,Insects/Disease
20180563,0,0,255,255,Insects/Disease
20180701,122,127,117,255,Unknown
20180702,122,127,117,255,Unknown
20180703,122,127,117,255,Unknown
20180721,128,97,69,255,Clearcut
20180722,128,97,69,255,Clearcut
20180723,128,97,69,255,Clearcut
20180731,255,255,119,255,Harvest
20180732,255,255,119,255,Harvest
20180733,255,255,119,255,Harvest
20180741,181,156,114,255,Thinning
20180742,181,156,114,255,Thinning
20180743,181,156,114,255,Thinning
20180751,255,102,0,255,Mastication
20180752,255,102,0,255,Mastication
20180753,255,102,0,255,Mastication
20180761,96,255,71,255,Other Mechanical
20180762,96,255,71,255,Other Mechanical
20180763,96,255,71,255,Other Mechanical
20180771,255,0,0,255,Wildfire
20180772,255,0,0,255,Wildfire
20180773,255,0,0,255,Wildfire
20180781,255,0,0,255,Wildland Fire Use
20180791,173,0,28,255,Prescribed Fire
20180792,173,0,28,255,Prescribed Fire
20180793,173,0,28,255,Prescribed Fire
20180801,255,0,0,255,Wildland Fire
20180802,255,0,0,255,Wildland Fire
20180803,255,0,0,255,Wildland Fire
20180841,146,232,215,255,Insects
20180842,146,232,215,255,Insects
20180843,146,232,215,255,Insects
20180851,4,45,117,255,Disease
20180852,4,45,117,255,Disease
20180853,4,45,117,255,Disease
20180861,0,0,255,255,Insects/Disease
20180862,0,0,255,255,Insects/Disease
20180863,0,0,255,255,Insects/Disease
20180921,128,97,69,255,Clearcut
20180931,255,255,119,255,Harvest
20180941,181,156,114,255,Thinning
20180951,255,102,0,255,Mastication
20180961,96,255,71,255,Other Mechanical
20180971,255,0,0,255,Wildfire
20180981,255,0,0,255,Wildland Fire Use
20180991,173,0,28,255,Prescribed Fire
20181001,255,0,0,255,Wildland Fire
20181041,146,232,215,255,Insects
20181051,4,45,117,255,Disease
20181061,0,0,255,255,Insects/Disease
20181101,122,127,117,255,Unknown
20181102,122,127,117,255,Unknown
20181103,122,127,117,255,Unknown
20181111,122,127,117,255,Unknown
20181112,122,127,117,255,Unknown
20181113,122,127,117,255,Unknown
20181121,122,127,117,255,Unknown
20181122,122,127,117,255,Unknown
20181123,122,127,117,255,Unknown
20181131,122,127,117,255,Unknown
20181132,122,127,117,255,Unknown
20181133,122,127,117,255,Unknown
20190011,255,0,0,255,Fire
20190012,255,0,0,255,Fire
20190013,255,0,0,255,Fire
20190014,255,0,0,255,Fire
20190015,255,0,0,255,Fire
20190021,255,0,0,255,Fire
20190022,255,0,0,255,Fire
20190023,255,0,0,255,Fire
20190024,255,0,0,255,Fire
20190031,255,0,0,255,Fire
20190032,255,0,0,255,Fire
20190033,255,0,0,255,Fire
20190034,255,0,0,255,Fire
20190111,255,0,0,255,Fire
20190112,255,0,0,255,Fire
20190113,255,0,0,255,Fire
20190114,255,0,0,255,Fire
20190231,255,0,0,255,Fire
20190421,128,97,69,255,Clearcut
20190422,128,97,69,255,Clearcut
20190423,128,97,69,255,Clearcut
20190431,255,255,119,255,Harvest
20190432,255,255,119,255,Harvest
20190433,255,255,119,255,Harvest
20190441,181,156,114,255,Thinning
20190442,181,156,114,255,Thinning
20190443,181,156,114,255,Thinning
20190451,255,102,0,255,Mastication
20190452,255,102,0,255,Mastication
20190453,255,102,0,255,Mastication
20190461,96,255,71,255,Other Mechanical
20190462,96,255,71,255,Other Mechanical
20190463,96,255,71,255,Other Mechanical
20190471,255,0,0,255,Wildfire
20190472,255,0,0,255,Wildfire
20190473,255,0,0,255,Wildfire
20190481,255,0,0,255,Wildland Fire Use
20190482,255,0,0,255,Wildland Fire Use
20190483,255,0,0,255,Wildland Fire Use
20190491,173,0,28,255,Prescribed Fire
20190492,173,0,28,255,Prescribed Fire
20190493,173,0,28,255,Prescribed Fire
20190501,255,0,0,255,Wildland Fire
20190502,255,0,0,255,Wildland Fire
20190503,255,0,0,255,Wildland Fire
20190511,191,191,191,255,Weather
20190512,191,191,191,255,Weather
20190513,191,191,191,255,Weather
20190541,146,232,215,255,Insects
20190542,146,232,215,255,Insects
20190543,146,232,215,255,Insects
20190551,4,45,117,255,Disease
20190552,4,45,117,255,Disease
20190553,4,45,117,255,Disease
20190561,0,0,255,255,Insects/Disease
20190562,0,0,255,255,Insects/Disease
20190563,0,0,255,255,Insects/Disease
20190701,122,127,117,255,Unknown
20190702,122,127,117,255,Unknown
20190703,122,127,117,255,Unknown
20190721,128,97,69,255,Clearcut
20190722,128,97,69,255,Clearcut
20190723,128,97,69,255,Clearcut
20190731,255,255,119,255,Harvest
20190732,255,255,119,255,Harvest
20190733,255,255,119,255,Harvest
20190741,181,156,114,255,Thinning
20190742,181,156,114,255,Thinning
20190743,181,156,114,255,Thinning
20190751,255,102,0,255,Mastication
20190752,255,102,0,255,Mastication
20190753,255,102,0,255,Mastication
20190761,96,255,71,255,Other Mechanical
20190762,96,255,71,255,Other Mechanical
20190763,96,255,71,255,Other Mechanical
20190771,255,0,0,255,Wildfire
20190772,255,0,0,255,Wildfire
20190773,255,0,0,255,Wildfire
20190781,255,0,0,255,Wildland Fire Use
20190782,255,0,0,255,Wildland Fire Use
20190783,255,0,0,255,Wildland Fire Use
20190791,173,0,28,255,Prescribed Fire
20190792,173,0,28,255,Prescribed Fire
20190793,173,0,28,255,Prescribed Fire
20190801,255,0,0,255,Wildland Fire
20190802,255,0,0,255,Wildland Fire
20190803,255,0,0,255,Wildland Fire
20190811,191,191,191,255,Weather
20190812,191,191,191,255,Weather
20190813,191,191,191,255,Weather
20190841,146,232,215,255,Insects
20190842,146,232,215,255,Insects
20190843,146,232,215,255,Insects
20190851,4,45,117,255,Disease
20190852,4,45,117,255,Disease
20190853,4,45,117,255,Disease
20190861,0,0,255,255,Insects/Disease
20190862,0,0,255,255,Insects/Disease
20190863,0,0,255,255,Insects/Disease
20190921,128,97,69,255,Clearcut
20190931,255,255,119,255,Harvest
20190941,181,156,114,255,Thinning
20190951,255,102,0,255,Mastication
20190961,96,255,71,255,Other Mechanical
20190971,255,0,0,255,Wildfire
20190981,255,0,0,255,Wildland Fire Use
20190991,173,0,28,255,Prescribed Fire
20191001,255,0,0,255,Wildland Fire
20191011,191,191,191,255,Weather
20191041,146,232,215,255,Insects
20191051,4,45,117,255,Disease
20191061,0,0,255,255,Insects/Disease
20191101,122,127,117,255,Unknown
20191102,122,127,117,255,Unknown
20191103,122,127,117,255,Unknown
20191111,122,127,117,255,Unknown
20191112,122,127,117,255,Unknown
20191113,122,127,117,255,Unknown
20191121,122,127,117,255,Unknown
20191122,122,127,117,255,Unknown
20191123,122,127,117,255,Unknown
20191131,122,127,117,255,Unknown
20191132,122,127,117,255,Unknown
20191133,122,127,117,255,Unknown
20200011,255,0,0,255,Fire
20200012,255,0,0,255,Fire
20200013,255,0,0,255,Fire
20200014,255,0,0,255,Fire
20200015,255,0,0,255,Fire
20200021,255,0,0,255,Fire
20200022,255,0,0,255,Fire
20200023,255,0,0,255,Fire
20200024,255,0,0,255,Fire
20200031,255,0,0,255,Fire
20200032,255,0,0,255,Fire
20200033,255,0,0,255,Fire
20200034,255,0,0,255,Fire
20200111,255,0,0,255,Fire
20200112,255,0,0,255,Fire
20200113,255,0,0,255,Fire
20200114,255,0,0,255,Fire
20200231,255,0,0,255,Fire
20200232,255,0,0,255,Fire
20200233,255,0,0,255,Fire
20200234,255,0,0,255,Fire
20200421,128,97,69,255,Clearcut
20200422,128,97,69,255,Clearcut
20200423,128,97,69,255,Clearcut
20200431,255,255,119,255,Harvest
20200432,255,255,119,255,Harvest
20200433,255,255,119,255,Harvest
20200441,181,156,114,255,Thinning
20200442,181,156,114,255,Thinning
20200443,181,156,114,255,Thinning
20200451,255,102,0,255,Mastication
20200452,255,102,0,255,Mastication
20200453,255,102,0,255,Mastication
20200461,96,255,71,255,Other Mechanical
20200462,96,255,71,255,Other Mechanical
20200463,96,255,71,255,Other Mechanical
20200471,255,0,0,255,Wildfire
20200472,255,0,0,255,Wildfire
20200473,255,0,0,255,Wildfire
20200481,255,0,0,255,Wildland Fire Use
20200482,255,0,0,255,Wildland Fire Use
20200483,255,0,0,255,Wildland Fire Use
20200491,173,0,28,255,Prescribed Fire
20200492,173,0,28,255,Prescribed Fire
20200493,173,0,28,255,Prescribed Fire
20200501,255,0,0,255,Wildland Fire
20200502,255,0,0,255,Wildland Fire
20200503,255,0,0,255,Wildland Fire
20200511,191,191,191,255,Weather
20200512,191,191,191,255,Weather
20200513,191,191,191,255,Weather
20200541,146,232,215,255,Insects
20200542,146,232,215,255,Insects
20200543,146,232,215,255,Insects
20200551,4,45,117,255,Disease
20200552,4,45,117,255,Disease
20200553,4,45,117,255,Disease
20200561,0,0,255,255,Insects/Disease
20200562,0,0,255,255,Insects/Disease
20200563,0,0,255,255,Insects/Disease
20200701,122,127,117,255,Unknown
20200702,122,127,117,255,Unknown
20200703,122,127,117,255,Unknown
20200721,128,97,69,255,Clearcut
20200722,128,97,69,255,Clearcut
20200723,128,97,69,255,Clearcut
20200731,255,255,119,255,Harvest
20200732,255,255,119,255,Harvest
20200733,255,255,119,255,Harvest
20200741,181,156,114,255,Thinning
20200742,181,156,114,255,Thinning
20200743,181,156,114,255,Thinning
20200751,255,102,0,255,Mastication
20200752,255,102,0,255,Mastication
20200753,255,102,0,255,Mastication
20200761,96,255,71,255,Other Mechanical
20200762,96,255,71,255,Other Mechanical
20200763,96,255,71,255,Other Mechanical
20200771,255,0,0,255,Wildfire
20200772,255,0,0,255,Wildfire
20200773,255,0,0,255,Wildfire
20200781,255,0,0,255,Wildland Fire Use
20200782,255,0,0,255,Wildland Fire Use
20200783,255,0,0,255,Wildland Fire Use
20200791,173,0,28,255,Prescribed Fire
20200792,173,0,28,255,Prescribed Fire
20200793,173,0,28,255,Prescribed Fire
20200801,255,0,0,255,Wildland Fire
20200802,255,0,0,255,Wildland Fire
20200803,255,0,0,255,Wildland Fire
20200841,146,232,215,255,Insects
20200842,146,232,215,255,Insects
20200843,146,232,215,255,Insects
20200851,4,45,117,255,Disease
20200852,4,45,117,255,Disease
20200853,4,45,117,255,Disease
20200861,0,0,255,255,Insects/Disease
20200862,0,0,255,255,Insects/Disease
20200863,0,0,255,255,Insects/Disease
20200921,128,97,69,255,Clearcut
20200931,255,255,119,255,Harvest
20200941,181,156,114,255,Thinning
20200951,255,102,0,255,Mastication
20200961,96,255,71,255,Other Mechanical
20200971,255,0,0,255,Wildfire
20200981,255,0,0,255,Wildland Fire Use
20200991,173,0,28,255,Prescribed Fire
20201001,255,0,0,255,Wildland Fire
20201011,191,191,191,255,Weather
20201041,146,232,215,255,Insects
20201051,4,45,117,255,Disease
20201061,0,0,255,255,Insects/Disease
20201101,122,127,117,255,Unknown
20201102,122,127,117,255,Unknown
20201103,122,127,117,255,Unknown
20201111,122,127,117,255,Unknown
20201112,122,127,117,255,Unknown
20201113,122,127,117,255,Unknown
20201121,122,127,117,255,Unknown
20201122,122,127,117,255,Unknown
20201123,122,127,117,255,Unknown
20201131,122,127,117,255,Unknown
20201132,122,127,117,255,Unknown
20201133,122,127,117,255,Unknown
