# QGIS Generated Color Map Export File
INTERPOLATION:DISCRETE
0.05,191,210,255,255,< 0.05
0.10000000000000001,157,186,242,255,0.05 to 0.10
0.14999999999999999,124,161,230,255,0.10 to 0.15
0.20000000000000001,95,140,217,255,0.15 to 0.20
0.25,67,122,204,255,0.20 to 0.25
0.5,42,104,191,255,0.25 to 0.50
0.75,20,88,179,255,0.50 to 0.75
1,0,76,168,255,0.75 to 1.00
1.25,0,72,161,255,1.00 to 1.25
1.5,0,66,153,255,1.25 to 1.50
1.75,0,61,145,255,1.50 to 1.75
2,0,55,138,255,1.75 to 2.00
3,0,50,130,255,2.00 to 3.00
4,0,45,122,255,3.00 to 4.00
5,0,40,115,255,> 4.00
