# QGIS Generated Color Map Export File
INTERPOLATION:EXACT
7008,39,117,0,255,Very,Low
7009,39,117,0,255,Very,Low
7010,39,117,0,255,Very,Low
7011,39,117,0,255,Very,Low
7012,39,117,0,255,Very,Low
7013,39,117,0,255,Very,Low
7014,39,117,0,255,Very,Low
7015,39,117,0,255,Very,Low
7016,39,117,0,255,Very,Low
7017,39,117,0,255,Very,Low
7018,39,117,0,255,Very,Low
7019,39,117,0,255,Very,Low
7020,39,117,0,255,Very,Low
7021,39,117,0,255,Very,Low
7022,39,117,0,255,Very,Low
7023,39,117,0,255,Very,Low
7024,39,117,0,255,Very,Low
7025,39,117,0,255,Very,Low
7026,39,117,0,255,Very,Low
7027,39,117,0,255,Very,Low
7028,39,117,0,255,Very,Low
7029,39,117,0,255,Very,Low
7030,39,117,0,255,Very,Low
7031,39,117,0,255,Very,Low
7032,39,117,0,255,Very,Low
7033,39,117,0,255,Very,Low
7034,39,117,0,255,Very,Low
7035,39,117,0,255,Very,Low
7036,39,117,0,255,Very,Low
7037,39,117,0,255,Very,Low
7038,39,117,0,255,Very,Low
7039,39,117,0,255,Very,Low
7041,39,117,0,255,Very,Low
7042,39,117,0,255,Very,Low
7043,39,117,0,255,Very,Low
7044,39,117,0,255,Very,Low
7045,39,117,0,255,Very,Low
7046,39,117,0,255,Very,Low
7047,39,117,0,255,Very,Low
7048,39,117,0,255,Very,Low
7049,39,117,0,255,Very,Low
7050,39,117,0,255,Very,Low
7051,39,117,0,255,Very,Low
7052,39,117,0,255,Very,Low
7053,39,117,0,255,Very,Low
7054,39,117,0,255,Very,Low
7055,39,117,0,255,Very,Low
7056,39,117,0,255,Very,Low
7057,39,117,0,255,Very,Low
7058,39,117,0,255,Very,Low
7059,39,117,0,255,Very,Low
7060,39,117,0,255,Very,Low
7061,39,117,0,255,Very,Low
7062,39,117,0,255,Very,Low
7063,39,117,0,255,Very,Low
7064,39,117,0,255,Very,Low
7065,39,117,0,255,Very,Low
7066,39,117,0,255,Very,Low
7067,39,117,0,255,Very,Low
7068,39,117,0,255,Very,Low
7069,39,117,0,255,Very,Low
7070,39,117,0,255,Very,Low
7071,39,117,0,255,Very,Low
7072,39,117,0,255,Very,Low
7073,39,117,0,255,Very,Low
7074,39,117,0,255,Very,Low
7075,39,117,0,255,Very,Low
7076,39,117,0,255,Very,Low
7077,39,117,0,255,Very,Low
7078,39,117,0,255,Very,Low
7079,39,117,0,255,Very,Low
7080,39,117,0,255,Very,Low
7081,39,117,0,255,Very,Low
7082,39,117,0,255,Very,Low
7083,39,117,0,255,Very,Low
7084,39,117,0,255,Very,Low
7085,39,117,0,255,Very,Low
7086,39,117,0,255,Very,Low
7087,39,117,0,255,Very,Low
7088,39,117,0,255,Very,Low
7090,39,117,0,255,Very,Low
7091,39,117,0,255,Very,Low
7092,39,117,0,255,Very,Low
7093,39,117,0,255,Very,Low
7094,39,117,0,255,Very,Low
7096,39,117,0,255,Very,Low
7097,39,117,0,255,Very,Low
7098,39,117,0,255,Very,Low
7099,39,117,0,255,Very,Low
7100,39,117,0,255,Very,Low
7101,39,117,0,255,Very,Low
7102,39,117,0,255,Very,Low
7103,39,117,0,255,Very,Low
7104,39,117,0,255,Very,Low
7105,39,117,0,255,Very,Low
7106,39,117,0,255,Very,Low
7107,39,117,0,255,Very,Low
7108,39,117,0,255,Very,Low
7109,39,117,0,255,Very,Low
7110,39,117,0,255,Very,Low
7111,39,117,0,255,Very,Low
7112,39,117,0,255,Very,Low
7113,39,117,0,255,Very,Low
7114,39,117,0,255,Very,Low
7115,39,117,0,255,Very,Low
7116,39,117,0,255,Very,Low
7117,39,117,0,255,Very,Low
7118,39,117,0,255,Very,Low
7119,39,117,0,255,Very,Low
7120,39,117,0,255,Very,Low
7121,39,117,0,255,Very,Low
7122,39,117,0,255,Very,Low
7123,39,117,0,255,Very,Low
7124,39,117,0,255,Very,Low
7125,39,117,0,255,Very,Low
7126,39,117,0,255,Very,Low
7127,39,117,0,255,Very,Low
7128,39,117,0,255,Very,Low
7129,39,117,0,255,Very,Low
7130,39,117,0,255,Very,Low
7131,39,117,0,255,Very,Low
7132,39,117,0,255,Very,Low
7133,39,117,0,255,Very,Low
7134,39,117,0,255,Very,Low
7135,39,117,0,255,Very,Low
7136,39,117,0,255,Very,Low
7137,39,117,0,255,Very,Low
7138,39,117,0,255,Very,Low
7139,39,117,0,255,Very,Low
7140,39,117,0,255,Very,Low
7141,39,117,0,255,Very,Low
7142,39,117,0,255,Very,Low
7143,39,117,0,255,Very,Low
7144,39,117,0,255,Very,Low
7145,39,117,0,255,Very,Low
7146,39,117,0,255,Very,Low
7147,39,117,0,255,Very,Low
7148,39,117,0,255,Very,Low
7149,39,117,0,255,Very,Low
7150,39,117,0,255,Very,Low
7151,39,117,0,255,Very,Low
7152,39,117,0,255,Very,Low
7153,39,117,0,255,Very,Low
7156,39,117,0,255,Very,Low
7157,39,117,0,255,Very,Low
7158,39,117,0,255,Very,Low
7159,39,117,0,255,Very,Low
7161,39,117,0,255,Very,Low
7165,39,117,0,255,Very,Low
7166,39,117,0,255,Very,Low
7167,39,117,0,255,Very,Low
7168,39,117,0,255,Very,Low
7169,39,117,0,255,Very,Low
7170,39,117,0,255,Very,Low
7171,39,117,0,255,Very,Low
7172,39,117,0,255,Very,Low
7173,39,117,0,255,Very,Low
7174,39,117,0,255,Very,Low
7177,39,117,0,255,Very,Low
7178,39,117,0,255,Very,Low
7179,39,117,0,255,Very,Low
7191,39,117,0,255,Very,Low
7192,39,117,0,255,Very,Low
7193,39,117,0,255,Very,Low
7195,39,117,0,255,Very,Low
7196,39,117,0,255,Very,Low
7197,39,117,0,255,Very,Low
7198,39,117,0,255,Very,Low
7199,39,117,0,255,Very,Low
7200,39,117,0,255,Very,Low
7207,39,117,0,255,Very,Low
7234,39,117,0,255,Very,Low
7238,39,117,0,255,Very,Low
7239,39,117,0,255,Very,Low
7240,39,117,0,255,Very,Low
7241,39,117,0,255,Very,Low
7242,39,117,0,255,Very,Low
7243,39,117,0,255,Very,Low
7247,39,117,0,255,Very,Low
7248,39,117,0,255,Very,Low
7249,39,117,0,255,Very,Low
7250,39,117,0,255,Very,Low
7256,39,117,0,255,Very,Low
7260,39,117,0,255,Very,Low
7261,39,117,0,255,Very,Low
7262,39,117,0,255,Very,Low
7263,39,117,0,255,Very,Low
7264,39,117,0,255,Very,Low
7265,39,117,0,255,Very,Low
7268,39,117,0,255,Very,Low
7270,39,117,0,255,Very,Low
7272,39,117,0,255,Very,Low
7286,39,117,0,255,Very,Low
7290,39,117,0,255,Very,Low
7291,39,117,0,255,Very,Low
7292,39,117,0,255,Very,Low
7295,39,117,0,255,Very,Low
7296,255,38,0,255,High
7297,255,38,0,255,High
7298,255,38,0,255,High
7299,255,38,0,255,High
7301,39,117,0,255,Very,Low
7302,39,117,0,255,Very,Low
7303,39,117,0,255,Very,Low
7304,39,117,0,255,Very,Low
7305,39,117,0,255,Very,Low
7306,39,117,0,255,Very,Low
7307,39,117,0,255,Very,Low
7308,39,117,0,255,Very,Low
7309,39,117,0,255,Very,Low
7310,39,117,0,255,Very,Low
7311,39,117,0,255,Very,Low
7312,39,117,0,255,Very,Low
7313,39,117,0,255,Very,Low
7314,39,117,0,255,Very,Low
7315,39,117,0,255,Very,Low
7316,39,117,0,255,Very,Low
7317,39,117,0,255,Very,Low
7318,39,117,0,255,Very,Low
7320,39,117,0,255,Very,Low
7321,39,117,0,255,Very,Low
7322,39,117,0,255,Very,Low
7323,39,117,0,255,Very,Low
7324,39,117,0,255,Very,Low
7325,39,117,0,255,Very,Low
7326,39,117,0,255,Very,Low
7327,39,117,0,255,Very,Low
7328,39,117,0,255,Very,Low
7329,39,117,0,255,Very,Low
7330,39,117,0,255,Very,Low
7331,39,117,0,255,Very,Low
7333,39,117,0,255,Very,Low
7334,39,117,0,255,Very,Low
7335,39,117,0,255,Very,Low
7336,39,117,0,255,Very,Low
7337,39,117,0,255,Very,Low
7338,39,117,0,255,Very,Low
7339,39,117,0,255,Very,Low
7340,39,117,0,255,Very,Low
7342,39,117,0,255,Very,Low
7343,39,117,0,255,Very,Low
7346,39,117,0,255,Very,Low
7347,39,117,0,255,Very,Low
7348,39,117,0,255,Very,Low
7349,39,117,0,255,Very,Low
7350,39,117,0,255,Very,Low
7351,39,117,0,255,Very,Low
7352,39,117,0,255,Very,Low
7353,39,117,0,255,Very,Low
7355,39,117,0,255,Very,Low
7356,39,117,0,255,Very,Low
7357,39,117,0,255,Very,Low
7358,39,117,0,255,Very,Low
7360,39,117,0,255,Very,Low
7361,39,117,0,255,Very,Low
7362,39,117,0,255,Very,Low
7363,39,117,0,255,Very,Low
7364,39,117,0,255,Very,Low
7366,39,117,0,255,Very,Low
7367,39,117,0,255,Very,Low
7368,39,117,0,255,Very,Low
7369,39,117,0,255,Very,Low
7370,39,117,0,255,Very,Low
7371,39,117,0,255,Very,Low
7372,39,117,0,255,Very,Low
7375,39,117,0,255,Very,Low
7376,39,117,0,255,Very,Low
7377,39,117,0,255,Very,Low
7378,39,117,0,255,Very,Low
7379,39,117,0,255,Very,Low
7380,39,117,0,255,Very,Low
7381,39,117,0,255,Very,Low
7382,39,117,0,255,Very,Low
7383,39,117,0,255,Very,Low
7384,39,117,0,255,Very,Low
7385,39,117,0,255,Very,Low
7387,39,117,0,255,Very,Low
7388,39,117,0,255,Very,Low
7390,39,117,0,255,Very,Low
7391,39,117,0,255,Very,Low
7392,39,117,0,255,Very,Low
7393,39,117,0,255,Very,Low
7394,39,117,0,255,Very,Low
7395,39,117,0,255,Very,Low
7396,39,117,0,255,Very,Low
7397,39,117,0,255,Very,Low
7398,39,117,0,255,Very,Low
7400,39,117,0,255,Very,Low
7401,39,117,0,255,Very,Low
7403,39,117,0,255,Very,Low
7405,39,117,0,255,Very,Low
7406,39,117,0,255,Very,Low
7407,39,117,0,255,Very,Low
7408,39,117,0,255,Very,Low
7409,39,117,0,255,Very,Low
7410,39,117,0,255,Very,Low
7411,39,117,0,255,Very,Low
7412,39,117,0,255,Very,Low
7413,39,117,0,255,Very,Low
7414,39,117,0,255,Very,Low
7415,39,117,0,255,Very,Low
7416,39,117,0,255,Very,Low
7417,39,117,0,255,Very,Low
7418,39,117,0,255,Very,Low
7419,39,117,0,255,Very,Low
7420,39,117,0,255,Very,Low
7421,39,117,0,255,Very,Low
7422,39,117,0,255,Very,Low
7423,39,117,0,255,Very,Low
7424,39,117,0,255,Very,Low
7425,39,117,0,255,Very,Low
7426,39,117,0,255,Very,Low
7428,39,117,0,255,Very,Low
7429,39,117,0,255,Very,Low
7430,39,117,0,255,Very,Low
7431,39,117,0,255,Very,Low
7434,39,117,0,255,Very,Low
7435,39,117,0,255,Very,Low
7436,39,117,0,255,Very,Low
7437,39,117,0,255,Very,Low
7438,39,117,0,255,Very,Low
7439,39,117,0,255,Very,Low
7441,39,117,0,255,Very,Low
7442,39,117,0,255,Very,Low
7444,39,117,0,255,Very,Low
7445,39,117,0,255,Very,Low
7446,39,117,0,255,Very,Low
7447,39,117,0,255,Very,Low
7448,39,117,0,255,Very,Low
7449,39,117,0,255,Very,Low
7450,39,117,0,255,Very,Low
7451,39,117,0,255,Very,Low
7452,39,117,0,255,Very,Low
7453,39,117,0,255,Very,Low
7454,39,117,0,255,Very,Low
7455,39,117,0,255,Very,Low
7456,39,117,0,255,Very,Low
7457,39,117,0,255,Very,Low
7458,39,117,0,255,Very,Low
7459,39,117,0,255,Very,Low
7460,39,117,0,255,Very,Low
7461,39,117,0,255,Very,Low
7462,39,117,0,255,Very,Low
7463,39,117,0,255,Very,Low
7466,39,117,0,255,Very,Low
7467,39,117,0,255,Very,Low
7468,39,117,0,255,Very,Low
7469,39,117,0,255,Very,Low
7471,39,117,0,255,Very,Low
7472,39,117,0,255,Very,Low
7473,39,117,0,255,Very,Low
7474,39,117,0,255,Very,Low
7475,39,117,0,255,Very,Low
7476,39,117,0,255,Very,Low
7481,39,117,0,255,Very,Low
7482,39,117,0,255,Very,Low
7483,39,117,0,255,Very,Low
7484,39,117,0,255,Very,Low
7485,39,117,0,255,Very,Low
7486,39,117,0,255,Very,Low
7487,39,117,0,255,Very,Low
7488,39,117,0,255,Very,Low
7489,39,117,0,255,Very,Low
7500,39,117,0,255,Very,Low
7501,39,117,0,255,Very,Low
7502,39,117,0,255,Very,Low
7503,39,117,0,255,Very,Low
7504,39,117,0,255,Very,Low
7505,39,117,0,255,Very,Low
7506,39,117,0,255,Very,Low
7507,39,117,0,255,Very,Low
7509,39,117,0,255,Very,Low
7510,39,117,0,255,Very,Low
7511,39,117,0,255,Very,Low
7512,39,117,0,255,Very,Low
7513,39,117,0,255,Very,Low
7514,39,117,0,255,Very,Low
7515,39,117,0,255,Very,Low
7516,39,117,0,255,Very,Low
7517,39,117,0,255,Very,Low
7518,39,117,0,255,Very,Low
7519,39,117,0,255,Very,Low
7522,39,117,0,255,Very,Low
7523,39,117,0,255,Very,Low
7524,39,117,0,255,Very,Low
7525,39,117,0,255,Very,Low
7527,39,117,0,255,Very,Low
7545,39,117,0,255,Very,Low
7546,39,117,0,255,Very,Low
7547,39,117,0,255,Very,Low
7548,39,117,0,255,Very,Low
7556,39,117,0,255,Very,Low
7557,39,117,0,255,Very,Low
7560,39,117,0,255,Very,Low
7561,39,117,0,255,Very,Low
7562,39,117,0,255,Very,Low
7563,39,117,0,255,Very,Low
7564,39,117,0,255,Very,Low
7565,39,117,0,255,Very,Low
7566,39,117,0,255,Very,Low
7567,39,117,0,255,Very,Low
7571,39,117,0,255,Very,Low
7573,39,117,0,255,Very,Low
7578,39,117,0,255,Very,Low
7582,39,117,0,255,Very,Low
7583,39,117,0,255,Very,Low
7584,39,117,0,255,Very,Low
7585,39,117,0,255,Very,Low
7586,39,117,0,255,Very,Low
7587,39,117,0,255,Very,Low
7588,39,117,0,255,Very,Low
7589,39,117,0,255,Very,Low
7590,39,117,0,255,Very,Low
7591,39,117,0,255,Very,Low
7662,39,117,0,255,Very,Low
7663,39,117,0,255,Very,Low
7668,39,117,0,255,Very,Low
7733,39,117,0,255,Very,Low
7734,39,117,0,255,Very,Low
7735,39,117,0,255,Very,Low
7861,39,117,0,255,Very,Low
7867,39,117,0,255,Very,Low
7900,255,38,0,255,High
7901,255,38,0,255,High
7902,255,38,0,255,High
7903,255,38,0,255,High
7904,255,38,0,255,High
7905,255,38,0,255,High
7906,255,38,0,255,High
7907,255,38,0,255,High
7908,255,38,0,255,High
7909,255,38,0,255,High
7910,255,38,0,255,High
7911,255,38,0,255,High
7912,255,38,0,255,High
7913,255,38,0,255,High
7914,255,38,0,255,High
7915,255,38,0,255,High
7916,255,38,0,255,High
7917,255,38,0,255,High
7918,255,38,0,255,High
7919,255,38,0,255,High
7920,255,38,0,255,High
7921,255,38,0,255,High
7922,255,38,0,255,High
7923,255,38,0,255,High
7924,255,38,0,255,High
7925,255,38,0,255,High
7926,255,38,0,255,High
7927,255,38,0,255,High
7928,255,38,0,255,High
7929,255,38,0,255,High
7930,255,38,0,255,High
7931,255,38,0,255,High
7932,255,38,0,255,High
7933,255,38,0,255,High
7934,255,38,0,255,High
7935,255,38,0,255,High
7936,255,38,0,255,High
7937,255,38,0,255,High
7938,255,38,0,255,High
7939,255,38,0,255,High
7940,39,117,0,255,Very,Low
7941,39,117,0,255,Very,Low
7942,39,117,0,255,Very,Low
7943,39,117,0,255,Very,Low
7944,39,117,0,255,Very,Low
7945,39,117,0,255,Very,Low
7946,39,117,0,255,Very,Low
7947,39,117,0,255,Very,Low
7948,39,117,0,255,Very,Low
7949,39,117,0,255,Very,Low
7950,39,117,0,255,Very,Low
7951,39,117,0,255,Very,Low
7952,39,117,0,255,Very,Low
7953,39,117,0,255,Very,Low
7954,39,117,0,255,Very,Low
7955,39,117,0,255,Very,Low
7956,39,117,0,255,Very,Low
7957,39,117,0,255,Very,Low
7958,39,117,0,255,Very,Low
7959,39,117,0,255,Very,Low
7960,255,187,0,255,Moderate
7961,255,187,0,255,Moderate
7962,255,187,0,255,Moderate
7963,255,187,0,255,Moderate
7964,255,187,0,255,Moderate
7965,255,187,0,255,Moderate
7966,161,194,0,255,Low
7967,161,194,0,255,Low
7968,255,187,0,255,Moderate
7970,255,187,0,255,Moderate
7971,255,187,0,255,Moderate
7972,255,187,0,255,Moderate
7973,255,187,0,255,Moderate
7974,255,187,0,255,Moderate
7975,255,187,0,255,Moderate
7976,161,194,0,255,Low
7977,161,194,0,255,Low
7978,255,187,0,255,Moderate
7979,39,117,0,255,Very,Low
7980,255,187,0,255,Moderate
7981,255,187,0,255,Moderate
7982,255,187,0,255,Moderate
7983,255,187,0,255,Moderate
7984,255,187,0,255,Moderate
7985,255,187,0,255,Moderate
7986,161,194,0,255,Low
7987,161,194,0,255,Low
7988,255,187,0,255,Moderate
7989,39,117,0,255,Very,Low
7990,255,187,0,255,Moderate
7991,255,187,0,255,Moderate
7992,255,187,0,255,Moderate
7993,255,187,0,255,Moderate
7994,255,187,0,255,Moderate
7995,255,187,0,255,Moderate
7996,161,194,0,255,Low
7997,161,194,0,255,Low
7998,255,187,0,255,Moderate
7999,39,117,0,255,Very,Low
9001,39,117,0,255,Very,Low
9002,39,117,0,255,Very,Low
9003,39,117,0,255,Very,Low
9004,39,117,0,255,Very,Low
9005,39,117,0,255,Very,Low
9006,39,117,0,255,Very,Low
9008,39,117,0,255,Very,Low
9009,39,117,0,255,Very,Low
9010,39,117,0,255,Very,Low
9011,39,117,0,255,Very,Low
9012,39,117,0,255,Very,Low
9014,39,117,0,255,Very,Low
9015,39,117,0,255,Very,Low
9016,39,117,0,255,Very,Low
9017,39,117,0,255,Very,Low
9018,39,117,0,255,Very,Low
9019,39,117,0,255,Very,Low
9021,39,117,0,255,Very,Low
9022,39,117,0,255,Very,Low
9023,39,117,0,255,Very,Low
9024,39,117,0,255,Very,Low
9025,39,117,0,255,Very,Low
9026,39,117,0,255,Very,Low
9027,39,117,0,255,Very,Low
9028,39,117,0,255,Very,Low
9029,39,117,0,255,Very,Low
9030,39,117,0,255,Very,Low
9032,39,117,0,255,Very,Low
9033,39,117,0,255,Very,Low
9034,39,117,0,255,Very,Low
9035,39,117,0,255,Very,Low
9041,39,117,0,255,Very,Low
9042,39,117,0,255,Very,Low
9044,39,117,0,255,Very,Low
9045,39,117,0,255,Very,Low
9047,39,117,0,255,Very,Low
9050,39,117,0,255,Very,Low
9051,39,117,0,255,Very,Low
9055,39,117,0,255,Very,Low
9056,39,117,0,255,Very,Low
9057,39,117,0,255,Very,Low
9059,39,117,0,255,Very,Low
9060,39,117,0,255,Very,Low
9061,39,117,0,255,Very,Low
9062,39,117,0,255,Very,Low
9063,39,117,0,255,Very,Low
9064,39,117,0,255,Very,Low
9065,39,117,0,255,Very,Low
9066,39,117,0,255,Very,Low
9068,39,117,0,255,Very,Low
9069,39,117,0,255,Very,Low
9071,39,117,0,255,Very,Low
9073,39,117,0,255,Very,Low
9075,39,117,0,255,Very,Low
9077,39,117,0,255,Very,Low
9080,39,117,0,255,Very,Low
9082,39,117,0,255,Very,Low
9083,39,117,0,255,Very,Low
9085,39,117,0,255,Very,Low
9088,39,117,0,255,Very,Low
9089,39,117,0,255,Very,Low
9091,39,117,0,255,Very,Low
9092,39,117,0,255,Very,Low
9094,39,117,0,255,Very,Low
9095,39,117,0,255,Very,Low
9097,39,117,0,255,Very,Low
9098,39,117,0,255,Very,Low
9099,39,117,0,255,Very,Low
9100,39,117,0,255,Very,Low
9101,39,117,0,255,Very,Low
9102,39,117,0,255,Very,Low
9103,39,117,0,255,Very,Low
9104,39,117,0,255,Very,Low
9105,39,117,0,255,Very,Low
9106,39,117,0,255,Very,Low
9110,39,117,0,255,Very,Low
9111,39,117,0,255,Very,Low
9112,39,117,0,255,Very,Low
9113,39,117,0,255,Very,Low
9114,39,117,0,255,Very,Low
9115,39,117,0,255,Very,Low
9117,39,117,0,255,Very,Low
9118,39,117,0,255,Very,Low
9119,39,117,0,255,Very,Low
9120,39,117,0,255,Very,Low
9121,39,117,0,255,Very,Low
9122,39,117,0,255,Very,Low
9125,39,117,0,255,Very,Low
9126,39,117,0,255,Very,Low
9129,39,117,0,255,Very,Low
9130,39,117,0,255,Very,Low
9133,39,117,0,255,Very,Low
9134,39,117,0,255,Very,Low
9136,39,117,0,255,Very,Low
9137,39,117,0,255,Very,Low
9138,39,117,0,255,Very,Low
9139,39,117,0,255,Very,Low
9140,39,117,0,255,Very,Low
9141,39,117,0,255,Very,Low
9142,39,117,0,255,Very,Low
9143,39,117,0,255,Very,Low
9145,39,117,0,255,Very,Low
9146,39,117,0,255,Very,Low
9147,39,117,0,255,Very,Low
9148,39,117,0,255,Very,Low
9150,39,117,0,255,Very,Low
9151,39,117,0,255,Very,Low
9152,39,117,0,255,Very,Low
9153,39,117,0,255,Very,Low
9154,39,117,0,255,Very,Low
9160,39,117,0,255,Very,Low
9165,39,117,0,255,Very,Low
9166,39,117,0,255,Very,Low
9167,39,117,0,255,Very,Low
9170,39,117,0,255,Very,Low
9171,39,117,0,255,Very,Low
9173,39,117,0,255,Very,Low
9174,39,117,0,255,Very,Low
9175,39,117,0,255,Very,Low
9176,39,117,0,255,Very,Low
9177,39,117,0,255,Very,Low
9178,39,117,0,255,Very,Low
9179,39,117,0,255,Very,Low
9180,39,117,0,255,Very,Low
9181,39,117,0,255,Very,Low
9182,39,117,0,255,Very,Low
9183,39,117,0,255,Very,Low
9187,39,117,0,255,Very,Low
9188,39,117,0,255,Very,Low
9189,39,117,0,255,Very,Low
9190,39,117,0,255,Very,Low
9191,39,117,0,255,Very,Low
9192,39,117,0,255,Very,Low
9193,39,117,0,255,Very,Low
9195,39,117,0,255,Very,Low
9197,39,117,0,255,Very,Low
9198,39,117,0,255,Very,Low
9202,39,117,0,255,Very,Low
9203,39,117,0,255,Very,Low
9207,39,117,0,255,Very,Low
9208,39,117,0,255,Very,Low
9209,39,117,0,255,Very,Low
9210,39,117,0,255,Very,Low
9211,39,117,0,255,Very,Low
9213,39,117,0,255,Very,Low
9216,39,117,0,255,Very,Low
9218,39,117,0,255,Very,Low
9220,39,117,0,255,Very,Low
9221,39,117,0,255,Very,Low
9222,39,117,0,255,Very,Low
9223,39,117,0,255,Very,Low
9224,39,117,0,255,Very,Low
9226,39,117,0,255,Very,Low
9227,39,117,0,255,Very,Low
9228,39,117,0,255,Very,Low
9229,39,117,0,255,Very,Low
9230,39,117,0,255,Very,Low
9231,39,117,0,255,Very,Low
9232,39,117,0,255,Very,Low
9233,39,117,0,255,Very,Low
9234,39,117,0,255,Very,Low
9235,39,117,0,255,Very,Low
9237,39,117,0,255,Very,Low
9239,39,117,0,255,Very,Low
9240,39,117,0,255,Very,Low
9241,39,117,0,255,Very,Low
9242,39,117,0,255,Very,Low
9243,39,117,0,255,Very,Low
9244,39,117,0,255,Very,Low
9245,39,117,0,255,Very,Low
9246,39,117,0,255,Very,Low
9247,39,117,0,255,Very,Low
9248,39,117,0,255,Very,Low
9249,39,117,0,255,Very,Low
9250,39,117,0,255,Very,Low
9251,39,117,0,255,Very,Low
9256,39,117,0,255,Very,Low
9257,39,117,0,255,Very,Low
9258,39,117,0,255,Very,Low
9259,39,117,0,255,Very,Low
9260,39,117,0,255,Very,Low
9261,39,117,0,255,Very,Low
9262,39,117,0,255,Very,Low
9265,39,117,0,255,Very,Low
9266,39,117,0,255,Very,Low
9268,39,117,0,255,Very,Low
9270,39,117,0,255,Very,Low
9272,39,117,0,255,Very,Low
9273,39,117,0,255,Very,Low
9274,39,117,0,255,Very,Low
9275,39,117,0,255,Very,Low
9282,39,117,0,255,Very,Low
9283,39,117,0,255,Very,Low
9284,39,117,0,255,Very,Low
9288,39,117,0,255,Very,Low
9289,39,117,0,255,Very,Low
9290,39,117,0,255,Very,Low
9295,39,117,0,255,Very,Low
9301,39,117,0,255,Very,Low
9302,39,117,0,255,Very,Low
9304,255,187,0,255,Moderate
9307,39,117,0,255,Very,Low
9308,39,117,0,255,Very,Low
9309,39,117,0,255,Very,Low
9310,39,117,0,255,Very,Low
9311,39,117,0,255,Very,Low
9312,255,187,0,255,Moderate
9313,39,117,0,255,Very,Low
9314,39,117,0,255,Very,Low
9315,39,117,0,255,Very,Low
9316,39,117,0,255,Very,Low
9317,39,117,0,255,Very,Low
9318,39,117,0,255,Very,Low
9319,39,117,0,255,Very,Low
9320,39,117,0,255,Very,Low
9321,39,117,0,255,Very,Low
9322,255,187,0,255,Moderate
9323,39,117,0,255,Very,Low
9324,39,117,0,255,Very,Low
9325,39,117,0,255,Very,Low
9326,39,117,0,255,Very,Low
9327,39,117,0,255,Very,Low
9328,39,117,0,255,Very,Low
9329,39,117,0,255,Very,Low
9332,39,117,0,255,Very,Low
9336,39,117,0,255,Very,Low
9337,39,117,0,255,Very,Low
9502,39,117,0,255,Very,Low
9503,39,117,0,255,Very,Low
9504,39,117,0,255,Very,Low
9505,39,117,0,255,Very,Low
9512,39,117,0,255,Very,Low
9513,39,117,0,255,Very,Low
9514,39,117,0,255,Very,Low
9515,39,117,0,255,Very,Low
9516,39,117,0,255,Very,Low
9519,39,117,0,255,Very,Low
9526,39,117,0,255,Very,Low
9527,39,117,0,255,Very,Low
9528,39,117,0,255,Very,Low
9529,39,117,0,255,Very,Low
9533,39,117,0,255,Very,Low
9534,39,117,0,255,Very,Low
9535,39,117,0,255,Very,Low
9541,39,117,0,255,Very,Low
9542,39,117,0,255,Very,Low
9559,39,117,0,255,Very,Low
9560,39,117,0,255,Very,Low
9561,39,117,0,255,Very,Low
9562,39,117,0,255,Very,Low
9568,39,117,0,255,Very,Low
9569,39,117,0,255,Very,Low
9570,39,117,0,255,Very,Low
9571,39,117,0,255,Very,Low
9582,39,117,0,255,Very,Low
9583,39,117,0,255,Very,Low
9585,39,117,0,255,Very,Low
9586,39,117,0,255,Very,Low
9592,39,117,0,255,Very,Low
9593,39,117,0,255,Very,Low
9601,39,117,0,255,Very,Low
9604,39,117,0,255,Very,Low
9605,39,117,0,255,Very,Low
9611,39,117,0,255,Very,Low
9617,39,117,0,255,Very,Low
9620,39,117,0,255,Very,Low
9629,39,117,0,255,Very,Low
9633,39,117,0,255,Very,Low
9639,39,117,0,255,Very,Low
9640,39,117,0,255,Very,Low
9641,39,117,0,255,Very,Low
9642,39,117,0,255,Very,Low
9652,39,117,0,255,Very,Low
9654,39,117,0,255,Very,Low
9667,39,117,0,255,Very,Low
9677,39,117,0,255,Very,Low
9679,39,117,0,255,Very,Low
9682,39,117,0,255,Very,Low
9683,39,117,0,255,Very,Low
9695,39,117,0,255,Very,Low
9696,39,117,0,255,Very,Low
9707,39,117,0,255,Very,Low
9708,39,117,0,255,Very,Low
9722,39,117,0,255,Very,Low
9723,39,117,0,255,Very,Low
9724,39,117,0,255,Very,Low
9725,39,117,0,255,Very,Low
9726,39,117,0,255,Very,Low
9730,39,117,0,255,Very,Low
9731,39,117,0,255,Very,Low
9732,39,117,0,255,Very,Low
9733,39,117,0,255,Very,Low
9742,39,117,0,255,Very,Low
9743,39,117,0,255,Very,Low
9758,39,117,0,255,Very,Low
9759,39,117,0,255,Very,Low
9760,39,117,0,255,Very,Low
9761,39,117,0,255,Very,Low
9766,39,117,0,255,Very,Low
9774,39,117,0,255,Very,Low
9775,39,117,0,255,Very,Low
9782,39,117,0,255,Very,Low
9783,39,117,0,255,Very,Low
9784,39,117,0,255,Very,Low
9785,39,117,0,255,Very,Low
9810,39,117,0,255,Very,Low
9811,39,117,0,255,Very,Low
9816,39,117,0,255,Very,Low
9817,39,117,0,255,Very,Low
9823,39,117,0,255,Very,Low
9825,39,117,0,255,Very,Low
9826,39,117,0,255,Very,Low
9827,39,117,0,255,Very,Low
9828,39,117,0,255,Very,Low
9829,39,117,0,255,Very,Low
9993,39,117,0,255,Very,Low
9994,39,117,0,255,Very,Low